6 1

0 0 0

0 0 0
0 0 0

0 0 1
0 0 1
0 0 1
153 3

1 0 0
152 2

0 0 1
0 0 1
0 0 1
169 3

1 0 1
168 2

0 0 1
0 0 1
0 0 1
185 3

1 0 0
184 2

0 0 1
0 0 1
0 0 1
201 3

1 0 0
200 2

0 1 0
0 1 0
217 2

1 1 1
234 1

0 1 0
0 1 0
235 1

1 0 0
236 0

0 0 1
0 0 1
0 0 1
219 1

1 0 0
220 0

0 0 1
0 0 1
0 0 1
203 1

1 0 1
204 0

0 0 1
0 0 1
0 0 1
187 1

1 1 0
188 0

0 0 0
0 0 0
0 0 0

189
turn into 171
171 154 1 100000 1 -1 0
171 172 1 100000 2 -1 0
171 188 1 100000 3 -1 0
171 170 1 100000 2 -1 0
188 171 0 0 3 171 2
188 189 0 100000 2 171 2
188 205 0 100000 1 171 2
188 187 0 100000 2 171 2
187 170 1 100000 2 188 3
187 188 1 3 3 188 3
187 204 1 100000 2 188 3
187 186 1 100000 1 188 3
204 187 1 5 3 187 2
204 205 1 100000 2 187 2
204 221 1 100000 1 187 2
204 203 1 100000 2 187 2
203 186 1 100000 2 204 3
203 204 1 7 3 204 3
203 220 1 100000 2 204 3
203 202 1 100000 1 204 3
220 203 0 9 3 203 2
220 221 0 8 2 203 2
220 237 0 100000 1 203 2
220 219 0 100000 2 203 2
219 202 1 100000 2 220 3
219 220 1 11 3 220 3
219 236 1 100000 2 220 3
219 218 1 100000 1 220 3
236 219 0 13 3 219 2
236 237 0 100000 2 219 2
236 253 0 100000 1 219 2
236 235 0 100000 2 219 2
235 218 0 100000 2 236 3
235 236 0 15 3 236 3
235 252 0 100000 2 236 3
235 234 0 100000 1 236 3
234 217 1 100000 2 235 3
234 235 1 17 3 235 3
234 251 1 100000 2 235 3
234 233 1 100000 1 235 3
233 216 -1 100000 2 234 3
233 234 -1 18 3 234 3
233 250 -1 100000 2 234 3
233 232 -1 100000 1 234 3
251 234 -1 18 3 234 2
251 252 -1 100000 2 234 2
251 268 -1 100000 1 234 2
251 250 -1 100000 2 234 2
217 200 1 100000 1 234 0
217 218 1 100000 2 234 0
217 234 1 18 3 234 0
217 216 1 100000 2 234 0
200 183 1 100000 1 217 0
200 201 1 100000 2 217 0
200 217 1 20 3 217 0
200 199 1 100000 2 217 0
201 184 0 100000 2 200 1
201 202 0 100000 1 200 1
201 218 0 100000 2 200 1
201 200 0 21 3 200 1
184 167 1 100000 1 201 0
184 185 1 100000 2 201 0
184 201 1 23 3 201 0
184 183 1 100000 2 201 0
185 168 0 100000 2 184 1
185 186 0 100000 1 184 1
185 202 0 100000 2 184 1
185 184 0 25 3 184 1
168 151 1 100000 1 185 0
168 169 1 100000 2 185 0
168 185 1 27 3 185 0
168 167 1 100000 2 185 0
169 152 0 100000 2 168 1
169 170 0 100000 1 168 1
169 186 0 100000 2 168 1
169 168 0 29 3 168 1
152 135 1 100000 1 169 0
152 153 1 100000 2 169 0
152 169 1 31 3 169 0
152 151 1 30 2 169 0
153 136 0 100000 2 152 1
153 154 0 100000 1 152 1
153 170 0 100000 2 152 1
153 152 0 33 3 152 1
151 134 1 100000 1 168 0
151 152 1 33 2 168 0
151 168 1 29 3 168 0
151 150 1 100000 2 168 0
221 204 -1 7 3 204 2
221 222 -1 100000 2 204 2
221 238 -1 100000 1 204 2
221 220 -1 11 2 204 2
189 172 -1 100000 2 188 1
189 190 -1 100000 1 188 1
189 206 -1 100000 2 188 1
189 188 -1 3 3 188 1
189
171
188

189

172
turn into 189
189 172 0 100000 2 -1 1
189 190 0 100000 1 -1 1
189 206 0 100000 2 -1 1
189 188 0 100000 3 -1 1
188 171 0 100000 2 189 3
188 189 0 0 3 189 3
188 205 0 100000 2 189 3
188 187 0 100000 1 189 3
187 170 1 100000 2 188 3
187 188 1 3 3 188 3
187 204 1 100000 2 188 3
187 186 1 100000 1 188 3
204 187 1 4 3 187 2
204 205 1 100000 2 187 2
204 221 1 100000 1 187 2
204 203 1 100000 2 187 2
203 186 1 100000 2 204 3
203 204 1 6 3 204 3
203 220 1 100000 2 204 3
203 202 1 100000 1 204 3
220 203 0 8 3 203 2
220 221 0 7 2 203 2
220 237 0 100000 1 203 2
220 219 0 100000 2 203 2
219 202 1 100000 2 220 3
219 220 1 10 3 220 3
219 236 1 100000 2 220 3
219 218 1 100000 1 220 3
236 219 0 12 3 219 2
236 237 0 100000 2 219 2
236 253 0 100000 1 219 2
236 235 0 100000 2 219 2
235 218 0 100000 2 236 3
235 236 0 14 3 236 3
235 252 0 100000 2 236 3
235 234 0 100000 1 236 3
234 217 1 100000 2 235 3
234 235 1 16 3 235 3
234 251 1 100000 2 235 3
234 233 1 100000 1 235 3
233 216 -1 100000 2 234 3
233 234 -1 17 3 234 3
233 250 -1 100000 2 234 3
233 232 -1 100000 1 234 3
251 234 -1 17 3 234 2
251 252 -1 100000 2 234 2
251 268 -1 100000 1 234 2
251 250 -1 100000 2 234 2
217 200 1 100000 1 234 0
217 218 1 100000 2 234 0
217 234 1 17 3 234 0
217 216 1 100000 2 234 0
200 183 1 100000 1 217 0
200 201 1 100000 2 217 0
200 217 1 19 3 217 0
200 199 1 100000 2 217 0
201 184 0 100000 2 200 1
201 202 0 100000 1 200 1
201 218 0 100000 2 200 1
201 200 0 20 3 200 1
184 167 1 100000 1 201 0
184 185 1 100000 2 201 0
184 201 1 22 3 201 0
184 183 1 100000 2 201 0
185 168 0 100000 2 184 1
185 186 0 100000 1 184 1
185 202 0 100000 2 184 1
185 184 0 24 3 184 1
168 151 1 100000 1 185 0
168 169 1 100000 2 185 0
168 185 1 26 3 185 0
168 167 1 100000 2 185 0
169 152 0 100000 2 168 1
169 170 0 100000 1 168 1
169 186 0 100000 2 168 1
169 168 0 28 3 168 1
152 135 1 100000 1 169 0
152 153 1 100000 2 169 0
152 169 1 30 3 169 0
152 151 1 29 2 169 0
153 136 0 100000 2 152 1
153 154 0 100000 1 152 1
153 170 0 100000 2 152 1
153 152 0 32 3 152 1
151 134 1 100000 1 168 0
151 152 1 32 2 168 0
151 168 1 28 3 168 0
151 150 1 100000 2 168 0
221 204 -1 6 3 204 2
221 222 -1 100000 2 204 2
221 238 -1 100000 1 204 2
221 220 -1 10 2 204 2
171 154 1 100000 1 188 0
171 172 1 2 2 188 0
171 188 1 3 3 188 0
171 170 1 100000 2 188 0
172 155 1 100000 1 189 0
172 173 1 100000 2 189 0
172 189 1 0 3 189 0
172 171 1 5 2 189 0
172
189
172

171
188
221
turn into 172
172 155 1 100000 1 -1 0
172 173 1 100000 2 -1 0
172 189 1 100000 3 -1 0
172 171 1 100000 2 -1 0
189 172 0 0 3 172 2
189 190 0 100000 2 172 2
189 206 0 100000 1 172 2
189 188 0 100000 2 172 2
188 171 0 100000 2 189 3
188 189 0 3 3 189 3
188 205 0 100000 2 189 3
188 187 0 100000 1 189 3
187 170 1 100000 2 188 3
187 188 1 5 3 188 3
187 204 1 100000 2 188 3
187 186 1 100000 1 188 3
204 187 1 6 3 187 2
204 205 1 100000 2 187 2
204 221 1 100000 1 187 2
204 203 1 100000 2 187 2
203 186 1 100000 2 204 3
203 204 1 8 3 204 3
203 220 1 100000 2 204 3
203 202 1 100000 1 204 3
220 203 0 10 3 203 2
220 221 0 9 2 203 2
220 237 0 100000 1 203 2
220 219 0 100000 2 203 2
219 202 1 100000 2 220 3
219 220 1 12 3 220 3
219 236 1 100000 2 220 3
219 218 1 100000 1 220 3
236 219 0 14 3 219 2
236 237 0 100000 2 219 2
236 253 0 100000 1 219 2
236 235 0 100000 2 219 2
235 218 0 100000 2 236 3
235 236 0 16 3 236 3
235 252 0 100000 2 236 3
235 234 0 100000 1 236 3
234 217 1 100000 2 235 3
234 235 1 18 3 235 3
234 251 1 100000 2 235 3
234 233 1 100000 1 235 3
233 216 -1 100000 2 234 3
233 234 -1 19 3 234 3
233 250 -1 100000 2 234 3
233 232 -1 100000 1 234 3
251 234 -1 19 3 234 2
251 252 -1 100000 2 234 2
251 268 -1 100000 1 234 2
251 250 -1 100000 2 234 2
217 200 1 100000 1 234 0
217 218 1 100000 2 234 0
217 234 1 19 3 234 0
217 216 1 100000 2 234 0
200 183 1 100000 1 217 0
200 201 1 100000 2 217 0
200 217 1 21 3 217 0
200 199 1 100000 2 217 0
201 184 0 100000 2 200 1
201 202 0 100000 1 200 1
201 218 0 100000 2 200 1
201 200 0 22 3 200 1
184 167 1 100000 1 201 0
184 185 1 100000 2 201 0
184 201 1 24 3 201 0
184 183 1 100000 2 201 0
185 168 0 100000 2 184 1
185 186 0 100000 1 184 1
185 202 0 100000 2 184 1
185 184 0 26 3 184 1
168 151 1 100000 1 185 0
168 169 1 100000 2 185 0
168 185 1 28 3 185 0
168 167 1 100000 2 185 0
169 152 0 100000 2 168 1
169 170 0 100000 1 168 1
169 186 0 100000 2 168 1
169 168 0 30 3 168 1
152 135 1 100000 1 169 0
152 153 1 100000 2 169 0
152 169 1 32 3 169 0
152 151 1 31 2 169 0
153 136 0 100000 2 152 1
153 154 0 100000 1 152 1
153 170 0 100000 2 152 1
153 152 0 34 3 152 1
151 134 1 100000 1 168 0
151 152 1 34 2 168 0
151 168 1 30 3 168 0
151 150 1 100000 2 168 0
221 204 -1 8 3 204 2
221 222 -1 100000 2 204 2
221 238 -1 100000 1 204 2
221 220 -1 12 2 204 2
171 154 1 100000 1 188 0
171 172 1 0 2 188 0
171 188 1 5 3 188 0
171 170 1 100000 2 188 0
221
172
189

188

187

204

221

238
turn into 221
221 204 1 100000 3 -1 2
221 222 1 100000 2 -1 2
221 238 1 100000 1 -1 2
221 220 1 100000 2 -1 2
238 221 -1 0 3 221 2
238 239 -1 100000 2 221 2
238 255 -1 100000 1 221 2
238 237 -1 100000 2 221 2
204 187 1 100000 1 221 0
204 205 1 100000 2 221 0
204 221 1 0 3 221 0
204 203 1 100000 2 221 0
203 186 1 100000 2 204 3
203 204 1 3 3 204 3
203 220 1 100000 2 204 3
203 202 1 100000 1 204 3
220 203 0 5 3 203 2
220 221 0 0 2 203 2
220 237 0 100000 1 203 2
220 219 0 100000 2 203 2
219 202 1 100000 2 220 3
219 220 1 7 3 220 3
219 236 1 100000 2 220 3
219 218 1 100000 1 220 3
236 219 0 9 3 219 2
236 237 0 100000 2 219 2
236 253 0 100000 1 219 2
236 235 0 100000 2 219 2
235 218 0 100000 2 236 3
235 236 0 11 3 236 3
235 252 0 100000 2 236 3
235 234 0 100000 1 236 3
234 217 1 100000 2 235 3
234 235 1 13 3 235 3
234 251 1 100000 2 235 3
234 233 1 100000 1 235 3
233 216 -1 100000 2 234 3
233 234 -1 14 3 234 3
233 250 -1 100000 2 234 3
233 232 -1 100000 1 234 3
251 234 -1 14 3 234 2
251 252 -1 100000 2 234 2
251 268 -1 100000 1 234 2
251 250 -1 100000 2 234 2
217 200 1 100000 1 234 0
217 218 1 100000 2 234 0
217 234 1 14 3 234 0
217 216 1 100000 2 234 0
200 183 1 100000 1 217 0
200 201 1 100000 2 217 0
200 217 1 16 3 217 0
200 199 1 100000 2 217 0
201 184 0 100000 2 200 1
201 202 0 100000 1 200 1
201 218 0 100000 2 200 1
201 200 0 17 3 200 1
184 167 1 100000 1 201 0
184 185 1 100000 2 201 0
184 201 1 19 3 201 0
184 183 1 100000 2 201 0
185 168 0 100000 2 184 1
185 186 0 100000 1 184 1
185 202 0 100000 2 184 1
185 184 0 21 3 184 1
168 151 1 100000 1 185 0
168 169 1 100000 2 185 0
168 185 1 23 3 185 0
168 167 1 100000 2 185 0
169 152 0 100000 2 168 1
169 170 0 100000 1 168 1
169 186 0 100000 2 168 1
169 168 0 25 3 168 1
152 135 1 100000 1 169 0
152 153 1 100000 2 169 0
152 169 1 27 3 169 0
152 151 1 26 2 169 0
153 136 0 100000 2 152 1
153 154 0 100000 1 152 1
153 170 0 100000 2 152 1
153 152 0 29 3 152 1
151 134 1 100000 1 168 0
151 152 1 29 2 168 0
151 168 1 25 3 168 0
151 150 1 100000 2 168 0
187 170 1 100000 1 204 0
187 188 1 100000 2 204 0
187 204 1 3 3 204 0
187 186 1 100000 2 204 0
188 171 0 100000 2 187 1
188 189 0 100000 1 187 1
188 205 0 100000 2 187 1
188 187 0 4 3 187 1
189 172 0 100000 2 188 1
189 190 0 100000 1 188 1
189 206 0 100000 2 188 1
189 188 0 6 3 188 1
172 155 1 100000 1 189 0
172 173 1 100000 2 189 0
172 189 1 7 3 189 0
172 171 1 8 2 189 0
171 154 1 100000 1 188 0
171 172 1 9 2 188 0
171 188 1 6 3 188 0
171 170 1 100000 2 188 0
238
221
238

237
turn into 238
238 221 0 100000 3 -1 2
238 239 0 100000 2 -1 2
238 255 0 100000 1 -1 2
238 237 0 100000 2 -1 2
237 220 -1 100000 2 238 3
237 238 -1 0 3 238 3
237 254 -1 100000 2 238 3
237 236 -1 100000 1 238 3
221 204 1 100000 1 238 0
221 222 1 100000 2 238 0
221 238 1 0 3 238 0
221 220 1 100000 2 238 0
204 187 1 100000 1 221 0
204 205 1 100000 2 221 0
204 221 1 3 3 221 0
204 203 1 100000 2 221 0
203 186 1 100000 2 204 3
203 204 1 4 3 204 3
203 220 1 100000 2 204 3
203 202 1 100000 1 204 3
220 203 0 6 3 203 2
220 221 0 3 2 203 2
220 237 0 2 1 203 2
220 219 0 100000 2 203 2
219 202 1 100000 2 220 3
219 220 1 8 3 220 3
219 236 1 100000 2 220 3
219 218 1 100000 1 220 3
236 219 0 10 3 219 2
236 237 0 2 2 219 2
236 253 0 100000 1 219 2
236 235 0 100000 2 219 2
235 218 0 100000 2 236 3
235 236 0 12 3 236 3
235 252 0 100000 2 236 3
235 234 0 100000 1 236 3
234 217 1 100000 2 235 3
234 235 1 14 3 235 3
234 251 1 100000 2 235 3
234 233 1 100000 1 235 3
233 216 -1 100000 2 234 3
233 234 -1 15 3 234 3
233 250 -1 100000 2 234 3
233 232 -1 100000 1 234 3
251 234 -1 15 3 234 2
251 252 -1 100000 2 234 2
251 268 -1 100000 1 234 2
251 250 -1 100000 2 234 2
217 200 1 100000 1 234 0
217 218 1 100000 2 234 0
217 234 1 15 3 234 0
217 216 1 100000 2 234 0
200 183 1 100000 1 217 0
200 201 1 100000 2 217 0
200 217 1 17 3 217 0
200 199 1 100000 2 217 0
201 184 0 100000 2 200 1
201 202 0 100000 1 200 1
201 218 0 100000 2 200 1
201 200 0 18 3 200 1
184 167 1 100000 1 201 0
184 185 1 100000 2 201 0
184 201 1 20 3 201 0
184 183 1 100000 2 201 0
185 168 0 100000 2 184 1
185 186 0 100000 1 184 1
185 202 0 100000 2 184 1
185 184 0 22 3 184 1
168 151 1 100000 1 185 0
168 169 1 100000 2 185 0
168 185 1 24 3 185 0
168 167 1 100000 2 185 0
169 152 0 100000 2 168 1
169 170 0 100000 1 168 1
169 186 0 100000 2 168 1
169 168 0 26 3 168 1
152 135 1 100000 1 169 0
152 153 1 100000 2 169 0
152 169 1 28 3 169 0
152 151 1 27 2 169 0
153 136 0 100000 2 152 1
153 154 0 100000 1 152 1
153 170 0 100000 2 152 1
153 152 0 30 3 152 1
151 134 1 100000 1 168 0
151 152 1 30 2 168 0
151 168 1 26 3 168 0
151 150 1 100000 2 168 0
187 170 1 100000 1 204 0
187 188 1 100000 2 204 0
187 204 1 4 3 204 0
187 186 1 100000 2 204 0
188 171 0 100000 2 187 1
188 189 0 100000 1 187 1
188 205 0 100000 2 187 1
188 187 0 5 3 187 1
189 172 0 100000 2 188 1
189 190 0 100000 1 188 1
189 206 0 100000 2 188 1
189 188 0 7 3 188 1
172 155 1 100000 1 189 0
172 173 1 100000 2 189 0
172 189 1 8 3 189 0
172 171 1 9 2 189 0
171 154 1 100000 1 188 0
171 172 1 10 2 188 0
171 188 1 7 3 188 0
171 170 1 100000 2 188 0
237
238
237

254
turn into 237
237 220 1 100000 2 -1 3
237 238 1 100000 3 -1 3
237 254 1 100000 2 -1 3
237 236 1 100000 1 -1 3
254 237 -1 0 3 237 2
254 255 -1 100000 2 237 2
254 271 -1 100000 1 237 2
254 253 -1 100000 2 237 2
238 221 0 100000 2 237 1
238 239 0 100000 1 237 1
238 255 0 100000 2 237 1
238 237 0 0 3 237 1
221 204 1 100000 1 238 0
221 222 1 100000 2 238 0
221 238 1 3 3 238 0
221 220 1 100000 2 238 0
204 187 1 100000 1 221 0
204 205 1 100000 2 221 0
204 221 1 5 3 221 0
204 203 1 100000 2 221 0
203 186 1 100000 2 204 3
203 204 1 6 3 204 3
203 220 1 100000 2 204 3
203 202 1 100000 1 204 3
220 203 0 8 3 203 2
220 221 0 5 2 203 2
220 237 0 0 1 203 2
220 219 0 100000 2 203 2
219 202 1 100000 2 220 3
219 220 1 10 3 220 3
219 236 1 100000 2 220 3
219 218 1 100000 1 220 3
236 219 0 12 3 219 2
236 237 0 0 2 219 2
236 253 0 100000 1 219 2
236 235 0 100000 2 219 2
235 218 0 100000 2 236 3
235 236 0 14 3 236 3
235 252 0 100000 2 236 3
235 234 0 100000 1 236 3
234 217 1 100000 2 235 3
234 235 1 16 3 235 3
234 251 1 100000 2 235 3
234 233 1 100000 1 235 3
233 216 -1 100000 2 234 3
233 234 -1 17 3 234 3
233 250 -1 100000 2 234 3
233 232 -1 100000 1 234 3
251 234 -1 17 3 234 2
251 252 -1 100000 2 234 2
251 268 -1 100000 1 234 2
251 250 -1 100000 2 234 2
217 200 1 100000 1 234 0
217 218 1 100000 2 234 0
217 234 1 17 3 234 0
217 216 1 100000 2 234 0
200 183 1 100000 1 217 0
200 201 1 100000 2 217 0
200 217 1 19 3 217 0
200 199 1 100000 2 217 0
201 184 0 100000 2 200 1
201 202 0 100000 1 200 1
201 218 0 100000 2 200 1
201 200 0 20 3 200 1
184 167 1 100000 1 201 0
184 185 1 100000 2 201 0
184 201 1 22 3 201 0
184 183 1 100000 2 201 0
185 168 0 100000 2 184 1
185 186 0 100000 1 184 1
185 202 0 100000 2 184 1
185 184 0 24 3 184 1
168 151 1 100000 1 185 0
168 169 1 100000 2 185 0
168 185 1 26 3 185 0
168 167 1 100000 2 185 0
169 152 0 100000 2 168 1
169 170 0 100000 1 168 1
169 186 0 100000 2 168 1
169 168 0 28 3 168 1
152 135 1 100000 1 169 0
152 153 1 100000 2 169 0
152 169 1 30 3 169 0
152 151 1 29 2 169 0
153 136 0 100000 2 152 1
153 154 0 100000 1 152 1
153 170 0 100000 2 152 1
153 152 0 32 3 152 1
151 134 1 100000 1 168 0
151 152 1 32 2 168 0
151 168 1 28 3 168 0
151 150 1 100000 2 168 0
187 170 1 100000 1 204 0
187 188 1 100000 2 204 0
187 204 1 6 3 204 0
187 186 1 100000 2 204 0
188 171 0 100000 2 187 1
188 189 0 100000 1 187 1
188 205 0 100000 2 187 1
188 187 0 7 3 187 1
189 172 0 100000 2 188 1
189 190 0 100000 1 188 1
189 206 0 100000 2 188 1
189 188 0 9 3 188 1
172 155 1 100000 1 189 0
172 173 1 100000 2 189 0
172 189 1 10 3 189 0
172 171 1 11 2 189 0
171 154 1 100000 1 188 0
171 172 1 12 2 188 0
171 188 1 9 3 188 0
171 170 1 100000 2 188 0
254
237
254

253
turn into 254
254 237 1 100000 3 -1 2
254 255 1 100000 2 -1 2
254 271 1 100000 1 -1 2
254 253 1 100000 2 -1 2
253 236 -1 100000 2 254 3
253 254 -1 0 3 254 3
253 270 -1 100000 2 254 3
253 252 -1 100000 1 254 3
271 254 -1 0 3 254 2
271 272 -1 100000 2 254 2
271 288 -1 100000 1 254 2
271 270 -1 100000 2 254 2
255 238 -1 100000 2 254 1
255 256 -1 100000 1 254 1
255 272 -1 100000 2 254 1
255 254 -1 0 3 254 1
237 220 1 100000 1 254 0
237 238 1 100000 2 254 0
237 254 1 0 3 254 0
237 236 1 100000 2 254 0
238 221 0 100000 2 237 1
238 239 0 100000 1 237 1
238 255 0 2 2 237 1
238 237 0 3 3 237 1
221 204 1 100000 1 238 0
221 222 1 100000 2 238 0
221 238 1 5 3 238 0
221 220 1 100000 2 238 0
204 187 1 100000 1 221 0
204 205 1 100000 2 221 0
204 221 1 7 3 221 0
204 203 1 100000 2 221 0
203 186 1 100000 2 204 3
203 204 1 8 3 204 3
203 220 1 100000 2 204 3
203 202 1 100000 1 204 3
220 203 0 10 3 203 2
220 221 0 7 2 203 2
220 237 0 3 1 203 2
220 219 0 100000 2 203 2
219 202 1 100000 2 220 3
219 220 1 12 3 220 3
219 236 1 100000 2 220 3
219 218 1 100000 1 220 3
236 219 0 14 3 219 2
236 237 0 3 2 219 2
236 253 0 2 1 219 2
236 235 0 100000 2 219 2
235 218 0 100000 2 236 3
235 236 0 16 3 236 3
235 252 0 100000 2 236 3
235 234 0 100000 1 236 3
234 217 1 100000 2 235 3
234 235 1 18 3 235 3
234 251 1 100000 2 235 3
234 233 1 100000 1 235 3
233 216 -1 100000 2 234 3
233 234 -1 19 3 234 3
233 250 -1 100000 2 234 3
233 232 -1 100000 1 234 3
251 234 -1 19 3 234 2
251 252 -1 100000 2 234 2
251 268 -1 100000 1 234 2
251 250 -1 100000 2 234 2
217 200 1 100000 1 234 0
217 218 1 100000 2 234 0
217 234 1 19 3 234 0
217 216 1 100000 2 234 0
200 183 1 100000 1 217 0
200 201 1 100000 2 217 0
200 217 1 21 3 217 0
200 199 1 100000 2 217 0
201 184 0 100000 2 200 1
201 202 0 100000 1 200 1
201 218 0 100000 2 200 1
201 200 0 22 3 200 1
184 167 1 100000 1 201 0
184 185 1 100000 2 201 0
184 201 1 24 3 201 0
184 183 1 100000 2 201 0
185 168 0 100000 2 184 1
185 186 0 100000 1 184 1
185 202 0 100000 2 184 1
185 184 0 26 3 184 1
168 151 1 100000 1 185 0
168 169 1 100000 2 185 0
168 185 1 28 3 185 0
168 167 1 100000 2 185 0
169 152 0 100000 2 168 1
169 170 0 100000 1 168 1
169 186 0 100000 2 168 1
169 168 0 30 3 168 1
152 135 1 100000 1 169 0
152 153 1 100000 2 169 0
152 169 1 32 3 169 0
152 151 1 31 2 169 0
153 136 0 100000 2 152 1
153 154 0 100000 1 152 1
153 170 0 100000 2 152 1
153 152 0 34 3 152 1
151 134 1 100000 1 168 0
151 152 1 34 2 168 0
151 168 1 30 3 168 0
151 150 1 100000 2 168 0
187 170 1 100000 1 204 0
187 188 1 100000 2 204 0
187 204 1 8 3 204 0
187 186 1 100000 2 204 0
188 171 0 100000 2 187 1
188 189 0 100000 1 187 1
188 205 0 100000 2 187 1
188 187 0 9 3 187 1
189 172 0 100000 2 188 1
189 190 0 100000 1 188 1
189 206 0 100000 2 188 1
189 188 0 11 3 188 1
172 155 1 100000 1 189 0
172 173 1 100000 2 189 0
172 189 1 12 3 189 0
172 171 1 13 2 189 0
171 154 1 100000 1 188 0
171 172 1 14 2 188 0
171 188 1 11 3 188 0
171 170 1 100000 2 188 0
253
254
253

252
turn into 253
253 236 0 100000 2 -1 3
253 254 0 100000 3 -1 3
253 270 0 100000 2 -1 3
253 252 0 100000 1 -1 3
252 235 -1 100000 2 253 3
252 253 -1 0 3 253 3
252 269 -1 100000 2 253 3
252 251 -1 100000 1 253 3
254 237 1 100000 2 253 1
254 255 1 100000 1 253 1
254 271 1 100000 2 253 1
254 253 1 0 3 253 1
271 254 -1 3 3 254 2
271 272 -1 100000 2 254 2
271 288 -1 100000 1 254 2
271 270 -1 100000 2 254 2
255 238 -1 100000 2 254 1
255 256 -1 100000 1 254 1
255 272 -1 100000 2 254 1
255 254 -1 3 3 254 1
237 220 1 100000 1 254 0
237 238 1 100000 2 254 0
237 254 1 3 3 254 0
237 236 1 100000 2 254 0
238 221 0 100000 2 237 1
238 239 0 100000 1 237 1
238 255 0 4 2 237 1
238 237 0 5 3 237 1
221 204 1 100000 1 238 0
221 222 1 100000 2 238 0
221 238 1 7 3 238 0
221 220 1 100000 2 238 0
204 187 1 100000 1 221 0
204 205 1 100000 2 221 0
204 221 1 9 3 221 0
204 203 1 100000 2 221 0
203 186 1 100000 2 204 3
203 204 1 10 3 204 3
203 220 1 100000 2 204 3
203 202 1 100000 1 204 3
220 203 0 12 3 203 2
220 221 0 9 2 203 2
220 237 0 5 1 203 2
220 219 0 100000 2 203 2
219 202 1 100000 2 220 3
219 220 1 14 3 220 3
219 236 1 100000 2 220 3
219 218 1 100000 1 220 3
236 219 0 16 3 219 2
236 237 0 5 2 219 2
236 253 0 0 1 219 2
236 235 0 100000 2 219 2
235 218 0 100000 2 236 3
235 236 0 18 3 236 3
235 252 0 1 2 236 3
235 234 0 100000 1 236 3
234 217 1 100000 2 235 3
234 235 1 20 3 235 3
234 251 1 100000 2 235 3
234 233 1 100000 1 235 3
233 216 -1 100000 2 234 3
233 234 -1 21 3 234 3
233 250 -1 100000 2 234 3
233 232 -1 100000 1 234 3
251 234 -1 21 3 234 2
251 252 -1 1 2 234 2
251 268 -1 100000 1 234 2
251 250 -1 100000 2 234 2
217 200 1 100000 1 234 0
217 218 1 100000 2 234 0
217 234 1 21 3 234 0
217 216 1 100000 2 234 0
200 183 1 100000 1 217 0
200 201 1 100000 2 217 0
200 217 1 23 3 217 0
200 199 1 100000 2 217 0
201 184 0 100000 2 200 1
201 202 0 100000 1 200 1
201 218 0 100000 2 200 1
201 200 0 24 3 200 1
184 167 1 100000 1 201 0
184 185 1 100000 2 201 0
184 201 1 26 3 201 0
184 183 1 100000 2 201 0
185 168 0 100000 2 184 1
185 186 0 100000 1 184 1
185 202 0 100000 2 184 1
185 184 0 28 3 184 1
168 151 1 100000 1 185 0
168 169 1 100000 2 185 0
168 185 1 30 3 185 0
168 167 1 100000 2 185 0
169 152 0 100000 2 168 1
169 170 0 100000 1 168 1
169 186 0 100000 2 168 1
169 168 0 32 3 168 1
152 135 1 100000 1 169 0
152 153 1 100000 2 169 0
152 169 1 34 3 169 0
152 151 1 33 2 169 0
153 136 0 100000 2 152 1
153 154 0 100000 1 152 1
153 170 0 100000 2 152 1
153 152 0 36 3 152 1
151 134 1 100000 1 168 0
151 152 1 36 2 168 0
151 168 1 32 3 168 0
151 150 1 100000 2 168 0
187 170 1 100000 1 204 0
187 188 1 100000 2 204 0
187 204 1 10 3 204 0
187 186 1 100000 2 204 0
188 171 0 100000 2 187 1
188 189 0 100000 1 187 1
188 205 0 100000 2 187 1
188 187 0 11 3 187 1
189 172 0 100000 2 188 1
189 190 0 100000 1 188 1
189 206 0 100000 2 188 1
189 188 0 13 3 188 1
172 155 1 100000 1 189 0
172 173 1 100000 2 189 0
172 189 1 14 3 189 0
172 171 1 15 2 189 0
171 154 1 100000 1 188 0
171 172 1 16 2 188 0
171 188 1 13 3 188 0
171 170 1 100000 2 188 0
252
253
252

271
turn into 252
252 235 0 100000 2 -1 3
252 253 0 100000 3 -1 3
252 269 0 100000 2 -1 3
252 251 0 100000 1 -1 3
253 236 0 100000 2 252 1
253 254 0 100000 1 252 1
253 270 0 100000 2 252 1
253 252 0 0 3 252 1
254 237 1 100000 2 253 1
254 255 1 100000 1 253 1
254 271 1 100000 2 253 1
254 253 1 3 3 253 1
271 254 -1 4 3 254 2
271 272 -1 100000 2 254 2
271 288 -1 100000 1 254 2
271 270 -1 100000 2 254 2
255 238 -1 100000 2 254 1
255 256 -1 100000 1 254 1
255 272 -1 100000 2 254 1
255 254 -1 4 3 254 1
237 220 1 100000 1 254 0
237 238 1 100000 2 254 0
237 254 1 4 3 254 0
237 236 1 100000 2 254 0
238 221 0 100000 2 237 1
238 239 0 100000 1 237 1
238 255 0 5 2 237 1
238 237 0 6 3 237 1
221 204 1 100000 1 238 0
221 222 1 100000 2 238 0
221 238 1 8 3 238 0
221 220 1 100000 2 238 0
204 187 1 100000 1 221 0
204 205 1 100000 2 221 0
204 221 1 10 3 221 0
204 203 1 100000 2 221 0
203 186 1 100000 2 204 3
203 204 1 11 3 204 3
203 220 1 100000 2 204 3
203 202 1 100000 1 204 3
220 203 0 13 3 203 2
220 221 0 10 2 203 2
220 237 0 6 1 203 2
220 219 0 100000 2 203 2
219 202 1 100000 2 220 3
219 220 1 15 3 220 3
219 236 1 100000 2 220 3
219 218 1 100000 1 220 3
236 219 0 17 3 219 2
236 237 0 6 2 219 2
236 253 0 3 1 219 2
236 235 0 100000 2 219 2
235 218 0 100000 2 236 3
235 236 0 19 3 236 3
235 252 0 0 2 236 3
235 234 0 100000 1 236 3
234 217 1 100000 2 235 3
234 235 1 21 3 235 3
234 251 1 100000 2 235 3
234 233 1 100000 1 235 3
233 216 -1 100000 2 234 3
233 234 -1 22 3 234 3
233 250 -1 100000 2 234 3
233 232 -1 100000 1 234 3
251 234 -1 22 3 234 2
251 252 -1 0 2 234 2
251 268 -1 100000 1 234 2
251 250 -1 100000 2 234 2
217 200 1 100000 1 234 0
217 218 1 100000 2 234 0
217 234 1 22 3 234 0
217 216 1 100000 2 234 0
200 183 1 100000 1 217 0
200 201 1 100000 2 217 0
200 217 1 24 3 217 0
200 199 1 100000 2 217 0
201 184 0 100000 2 200 1
201 202 0 100000 1 200 1
201 218 0 100000 2 200 1
201 200 0 25 3 200 1
184 167 1 100000 1 201 0
184 185 1 100000 2 201 0
184 201 1 27 3 201 0
184 183 1 100000 2 201 0
185 168 0 100000 2 184 1
185 186 0 100000 1 184 1
185 202 0 100000 2 184 1
185 184 0 29 3 184 1
168 151 1 100000 1 185 0
168 169 1 100000 2 185 0
168 185 1 31 3 185 0
168 167 1 100000 2 185 0
169 152 0 100000 2 168 1
169 170 0 100000 1 168 1
169 186 0 100000 2 168 1
169 168 0 33 3 168 1
152 135 1 100000 1 169 0
152 153 1 100000 2 169 0
152 169 1 35 3 169 0
152 151 1 34 2 169 0
153 136 0 100000 2 152 1
153 154 0 100000 1 152 1
153 170 0 100000 2 152 1
153 152 0 37 3 152 1
151 134 1 100000 1 168 0
151 152 1 37 2 168 0
151 168 1 33 3 168 0
151 150 1 100000 2 168 0
187 170 1 100000 1 204 0
187 188 1 100000 2 204 0
187 204 1 11 3 204 0
187 186 1 100000 2 204 0
188 171 0 100000 2 187 1
188 189 0 100000 1 187 1
188 205 0 100000 2 187 1
188 187 0 12 3 187 1
189 172 0 100000 2 188 1
189 190 0 100000 1 188 1
189 206 0 100000 2 188 1
189 188 0 14 3 188 1
172 155 1 100000 1 189 0
172 173 1 100000 2 189 0
172 189 1 15 3 189 0
172 171 1 16 2 189 0
171 154 1 100000 1 188 0
171 172 1 17 2 188 0
171 188 1 14 3 188 0
171 170 1 100000 2 188 0
271
252
253

254

271

270
turn into 271
271 254 0 100000 3 -1 2
271 272 0 100000 2 -1 2
271 288 0 100000 1 -1 2
271 270 0 100000 2 -1 2
270 253 -1 100000 2 271 3
270 271 -1 0 3 271 3
270 287 -1 100000 2 271 3
270 269 -1 100000 1 271 3
254 237 1 100000 1 271 0
254 255 1 100000 2 271 0
254 271 1 0 3 271 0
254 253 1 100000 2 271 0
253 236 0 100000 2 254 3
253 254 0 3 3 254 3
253 270 0 2 2 254 3
253 252 0 100000 1 254 3
252 235 0 100000 2 253 3
252 253 0 5 3 253 3
252 269 0 100000 2 253 3
252 251 0 100000 1 253 3
255 238 -1 100000 2 254 1
255 256 -1 100000 1 254 1
255 272 -1 100000 2 254 1
255 254 -1 3 3 254 1
237 220 1 100000 1 254 0
237 238 1 100000 2 254 0
237 254 1 3 3 254 0
237 236 1 100000 2 254 0
238 221 0 100000 2 237 1
238 239 0 100000 1 237 1
238 255 0 5 2 237 1
238 237 0 4 3 237 1
221 204 1 100000 1 238 0
221 222 1 100000 2 238 0
221 238 1 6 3 238 0
221 220 1 100000 2 238 0
204 187 1 100000 1 221 0
204 205 1 100000 2 221 0
204 221 1 8 3 221 0
204 203 1 100000 2 221 0
203 186 1 100000 2 204 3
203 204 1 9 3 204 3
203 220 1 100000 2 204 3
203 202 1 100000 1 204 3
220 203 0 11 3 203 2
220 221 0 8 2 203 2
220 237 0 4 1 203 2
220 219 0 100000 2 203 2
219 202 1 100000 2 220 3
219 220 1 13 3 220 3
219 236 1 100000 2 220 3
219 218 1 100000 1 220 3
236 219 0 15 3 219 2
236 237 0 4 2 219 2
236 253 0 5 1 219 2
236 235 0 100000 2 219 2
235 218 0 100000 2 236 3
235 236 0 17 3 236 3
235 252 0 6 2 236 3
235 234 0 100000 1 236 3
234 217 1 100000 2 235 3
234 235 1 19 3 235 3
234 251 1 100000 2 235 3
234 233 1 100000 1 235 3
233 216 -1 100000 2 234 3
233 234 -1 20 3 234 3
233 250 -1 100000 2 234 3
233 232 -1 100000 1 234 3
251 234 -1 20 3 234 2
251 252 -1 6 2 234 2
251 268 -1 100000 1 234 2
251 250 -1 100000 2 234 2
217 200 1 100000 1 234 0
217 218 1 100000 2 234 0
217 234 1 20 3 234 0
217 216 1 100000 2 234 0
200 183 1 100000 1 217 0
200 201 1 100000 2 217 0
200 217 1 22 3 217 0
200 199 1 100000 2 217 0
201 184 0 100000 2 200 1
201 202 0 100000 1 200 1
201 218 0 100000 2 200 1
201 200 0 23 3 200 1
184 167 1 100000 1 201 0
184 185 1 100000 2 201 0
184 201 1 25 3 201 0
184 183 1 100000 2 201 0
185 168 0 100000 2 184 1
185 186 0 100000 1 184 1
185 202 0 100000 2 184 1
185 184 0 27 3 184 1
168 151 1 100000 1 185 0
168 169 1 100000 2 185 0
168 185 1 29 3 185 0
168 167 1 100000 2 185 0
169 152 0 100000 2 168 1
169 170 0 100000 1 168 1
169 186 0 100000 2 168 1
169 168 0 31 3 168 1
152 135 1 100000 1 169 0
152 153 1 100000 2 169 0
152 169 1 33 3 169 0
152 151 1 32 2 169 0
153 136 0 100000 2 152 1
153 154 0 100000 1 152 1
153 170 0 100000 2 152 1
153 152 0 35 3 152 1
151 134 1 100000 1 168 0
151 152 1 35 2 168 0
151 168 1 31 3 168 0
151 150 1 100000 2 168 0
187 170 1 100000 1 204 0
187 188 1 100000 2 204 0
187 204 1 9 3 204 0
187 186 1 100000 2 204 0
188 171 0 100000 2 187 1
188 189 0 100000 1 187 1
188 205 0 100000 2 187 1
188 187 0 10 3 187 1
189 172 0 100000 2 188 1
189 190 0 100000 1 188 1
189 206 0 100000 2 188 1
189 188 0 12 3 188 1
172 155 1 100000 1 189 0
172 173 1 100000 2 189 0
172 189 1 13 3 189 0
172 171 1 14 2 189 0
171 154 1 100000 1 188 0
171 172 1 15 2 188 0
171 188 1 12 3 188 0
171 170 1 100000 2 188 0
270
271
270

269
turn into 270
270 253 0 100000 2 -1 3
270 271 0 100000 3 -1 3
270 287 0 100000 2 -1 3
270 269 0 100000 1 -1 3
269 252 -1 100000 2 270 3
269 270 -1 0 3 270 3
269 286 -1 100000 2 270 3
269 268 -1 100000 1 270 3
271 254 0 100000 2 270 1
271 272 0 100000 1 270 1
271 288 0 100000 2 270 1
271 270 0 0 3 270 1
254 237 1 100000 1 271 0
254 255 1 100000 2 271 0
254 271 1 3 3 271 0
254 253 1 100000 2 271 0
253 236 0 100000 2 254 3
253 254 0 5 3 254 3
253 270 0 0 2 254 3
253 252 0 100000 1 254 3
252 235 0 100000 2 253 3
252 253 0 7 3 253 3
252 269 0 1 2 253 3
252 251 0 100000 1 253 3
255 238 -1 100000 2 254 1
255 256 -1 100000 1 254 1
255 272 -1 100000 2 254 1
255 254 -1 5 3 254 1
237 220 1 100000 1 254 0
237 238 1 100000 2 254 0
237 254 1 5 3 254 0
237 236 1 100000 2 254 0
238 221 0 100000 2 237 1
238 239 0 100000 1 237 1
238 255 0 7 2 237 1
238 237 0 6 3 237 1
221 204 1 100000 1 238 0
221 222 1 100000 2 238 0
221 238 1 8 3 238 0
221 220 1 100000 2 238 0
204 187 1 100000 1 221 0
204 205 1 100000 2 221 0
204 221 1 10 3 221 0
204 203 1 100000 2 221 0
203 186 1 100000 2 204 3
203 204 1 11 3 204 3
203 220 1 100000 2 204 3
203 202 1 100000 1 204 3
220 203 0 13 3 203 2
220 221 0 10 2 203 2
220 237 0 6 1 203 2
220 219 0 100000 2 203 2
219 202 1 100000 2 220 3
219 220 1 15 3 220 3
219 236 1 100000 2 220 3
219 218 1 100000 1 220 3
236 219 0 17 3 219 2
236 237 0 6 2 219 2
236 253 0 7 1 219 2
236 235 0 100000 2 219 2
235 218 0 100000 2 236 3
235 236 0 19 3 236 3
235 252 0 8 2 236 3
235 234 0 100000 1 236 3
234 217 1 100000 2 235 3
234 235 1 21 3 235 3
234 251 1 100000 2 235 3
234 233 1 100000 1 235 3
233 216 -1 100000 2 234 3
233 234 -1 22 3 234 3
233 250 -1 100000 2 234 3
233 232 -1 100000 1 234 3
251 234 -1 22 3 234 2
251 252 -1 8 2 234 2
251 268 -1 100000 1 234 2
251 250 -1 100000 2 234 2
217 200 1 100000 1 234 0
217 218 1 100000 2 234 0
217 234 1 22 3 234 0
217 216 1 100000 2 234 0
200 183 1 100000 1 217 0
200 201 1 100000 2 217 0
200 217 1 24 3 217 0
200 199 1 100000 2 217 0
201 184 0 100000 2 200 1
201 202 0 100000 1 200 1
201 218 0 100000 2 200 1
201 200 0 25 3 200 1
184 167 1 100000 1 201 0
184 185 1 100000 2 201 0
184 201 1 27 3 201 0
184 183 1 100000 2 201 0
185 168 0 100000 2 184 1
185 186 0 100000 1 184 1
185 202 0 100000 2 184 1
185 184 0 29 3 184 1
168 151 1 100000 1 185 0
168 169 1 100000 2 185 0
168 185 1 31 3 185 0
168 167 1 100000 2 185 0
169 152 0 100000 2 168 1
169 170 0 100000 1 168 1
169 186 0 100000 2 168 1
169 168 0 33 3 168 1
152 135 1 100000 1 169 0
152 153 1 100000 2 169 0
152 169 1 35 3 169 0
152 151 1 34 2 169 0
153 136 0 100000 2 152 1
153 154 0 100000 1 152 1
153 170 0 100000 2 152 1
153 152 0 37 3 152 1
151 134 1 100000 1 168 0
151 152 1 37 2 168 0
151 168 1 33 3 168 0
151 150 1 100000 2 168 0
187 170 1 100000 1 204 0
187 188 1 100000 2 204 0
187 204 1 11 3 204 0
187 186 1 100000 2 204 0
188 171 0 100000 2 187 1
188 189 0 100000 1 187 1
188 205 0 100000 2 187 1
188 187 0 12 3 187 1
189 172 0 100000 2 188 1
189 190 0 100000 1 188 1
189 206 0 100000 2 188 1
189 188 0 14 3 188 1
172 155 1 100000 1 189 0
172 173 1 100000 2 189 0
172 189 1 15 3 189 0
172 171 1 16 2 189 0
171 154 1 100000 1 188 0
171 172 1 17 2 188 0
171 188 1 14 3 188 0
171 170 1 100000 2 188 0
269
270
269

268
turn into 269
269 252 0 100000 2 -1 3
269 270 0 100000 3 -1 3
269 286 0 100000 2 -1 3
269 268 0 100000 1 -1 3
268 251 -1 100000 2 269 3
268 269 -1 0 3 269 3
268 285 -1 100000 2 269 3
268 267 -1 100000 1 269 3
270 253 0 100000 2 269 1
270 271 0 100000 1 269 1
270 287 0 100000 2 269 1
270 269 0 0 3 269 1
271 254 0 100000 2 270 1
271 272 0 100000 1 270 1
271 288 0 100000 2 270 1
271 270 0 3 3 270 1
254 237 1 100000 1 271 0
254 255 1 100000 2 271 0
254 271 1 4 3 271 0
254 253 1 100000 2 271 0
253 236 0 100000 2 254 3
253 254 0 6 3 254 3
253 270 0 3 2 254 3
253 252 0 100000 1 254 3
252 235 0 100000 2 253 3
252 253 0 8 3 253 3
252 269 0 0 2 253 3
252 251 0 100000 1 253 3
255 238 -1 100000 2 254 1
255 256 -1 100000 1 254 1
255 272 -1 100000 2 254 1
255 254 -1 6 3 254 1
237 220 1 100000 1 254 0
237 238 1 100000 2 254 0
237 254 1 6 3 254 0
237 236 1 100000 2 254 0
238 221 0 100000 2 237 1
238 239 0 100000 1 237 1
238 255 0 8 2 237 1
238 237 0 7 3 237 1
221 204 1 100000 1 238 0
221 222 1 100000 2 238 0
221 238 1 9 3 238 0
221 220 1 100000 2 238 0
204 187 1 100000 1 221 0
204 205 1 100000 2 221 0
204 221 1 11 3 221 0
204 203 1 100000 2 221 0
203 186 1 100000 2 204 3
203 204 1 12 3 204 3
203 220 1 100000 2 204 3
203 202 1 100000 1 204 3
220 203 0 14 3 203 2
220 221 0 11 2 203 2
220 237 0 7 1 203 2
220 219 0 100000 2 203 2
219 202 1 100000 2 220 3
219 220 1 16 3 220 3
219 236 1 100000 2 220 3
219 218 1 100000 1 220 3
236 219 0 18 3 219 2
236 237 0 7 2 219 2
236 253 0 8 1 219 2
236 235 0 100000 2 219 2
235 218 0 100000 2 236 3
235 236 0 20 3 236 3
235 252 0 9 2 236 3
235 234 0 100000 1 236 3
234 217 1 100000 2 235 3
234 235 1 22 3 235 3
234 251 1 100000 2 235 3
234 233 1 100000 1 235 3
233 216 -1 100000 2 234 3
233 234 -1 23 3 234 3
233 250 -1 100000 2 234 3
233 232 -1 100000 1 234 3
251 234 -1 23 3 234 2
251 252 -1 9 2 234 2
251 268 -1 1 1 234 2
251 250 -1 100000 2 234 2
217 200 1 100000 1 234 0
217 218 1 100000 2 234 0
217 234 1 23 3 234 0
217 216 1 100000 2 234 0
200 183 1 100000 1 217 0
200 201 1 100000 2 217 0
200 217 1 25 3 217 0
200 199 1 100000 2 217 0
201 184 0 100000 2 200 1
201 202 0 100000 1 200 1
201 218 0 100000 2 200 1
201 200 0 26 3 200 1
184 167 1 100000 1 201 0
184 185 1 100000 2 201 0
184 201 1 28 3 201 0
184 183 1 100000 2 201 0
185 168 0 100000 2 184 1
185 186 0 100000 1 184 1
185 202 0 100000 2 184 1
185 184 0 30 3 184 1
168 151 1 100000 1 185 0
168 169 1 100000 2 185 0
168 185 1 32 3 185 0
168 167 1 100000 2 185 0
169 152 0 100000 2 168 1
169 170 0 100000 1 168 1
169 186 0 100000 2 168 1
169 168 0 34 3 168 1
152 135 1 100000 1 169 0
152 153 1 100000 2 169 0
152 169 1 36 3 169 0
152 151 1 35 2 169 0
153 136 0 100000 2 152 1
153 154 0 100000 1 152 1
153 170 0 100000 2 152 1
153 152 0 38 3 152 1
151 134 1 100000 1 168 0
151 152 1 38 2 168 0
151 168 1 34 3 168 0
151 150 1 100000 2 168 0
187 170 1 100000 1 204 0
187 188 1 100000 2 204 0
187 204 1 12 3 204 0
187 186 1 100000 2 204 0
188 171 0 100000 2 187 1
188 189 0 100000 1 187 1
188 205 0 100000 2 187 1
188 187 0 13 3 187 1
189 172 0 100000 2 188 1
189 190 0 100000 1 188 1
189 206 0 100000 2 188 1
189 188 0 15 3 188 1
172 155 1 100000 1 189 0
172 173 1 100000 2 189 0
172 189 1 16 3 189 0
172 171 1 17 2 189 0
171 154 1 100000 1 188 0
171 172 1 18 2 188 0
171 188 1 15 3 188 0
171 170 1 100000 2 188 0
268
269
268

267
turn into 268
268 251 0 100000 2 -1 3
268 269 0 100000 3 -1 3
268 285 0 100000 2 -1 3
268 267 0 100000 1 -1 3
267 250 -1 100000 2 268 3
267 268 -1 0 3 268 3
267 284 -1 100000 2 268 3
267 266 -1 100000 1 268 3
269 252 0 100000 2 268 1
269 270 0 100000 1 268 1
269 286 0 100000 2 268 1
269 268 0 0 3 268 1
270 253 0 100000 2 269 1
270 271 0 100000 1 269 1
270 287 0 100000 2 269 1
270 269 0 3 3 269 1
271 254 0 100000 2 270 1
271 272 0 100000 1 270 1
271 288 0 100000 2 270 1
271 270 0 4 3 270 1
254 237 1 100000 1 271 0
254 255 1 100000 2 271 0
254 271 1 5 3 271 0
254 253 1 100000 2 271 0
253 236 0 100000 2 254 3
253 254 0 7 3 254 3
253 270 0 4 2 254 3
253 252 0 100000 1 254 3
252 235 0 100000 2 253 3
252 253 0 9 3 253 3
252 269 0 3 2 253 3
252 251 0 100000 1 253 3
255 238 -1 100000 2 254 1
255 256 -1 100000 1 254 1
255 272 -1 100000 2 254 1
255 254 -1 7 3 254 1
237 220 1 100000 1 254 0
237 238 1 100000 2 254 0
237 254 1 7 3 254 0
237 236 1 100000 2 254 0
238 221 0 100000 2 237 1
238 239 0 100000 1 237 1
238 255 0 9 2 237 1
238 237 0 8 3 237 1
221 204 1 100000 1 238 0
221 222 1 100000 2 238 0
221 238 1 10 3 238 0
221 220 1 100000 2 238 0
204 187 1 100000 1 221 0
204 205 1 100000 2 221 0
204 221 1 12 3 221 0
204 203 1 100000 2 221 0
203 186 1 100000 2 204 3
203 204 1 13 3 204 3
203 220 1 100000 2 204 3
203 202 1 100000 1 204 3
220 203 0 15 3 203 2
220 221 0 12 2 203 2
220 237 0 8 1 203 2
220 219 0 100000 2 203 2
219 202 1 100000 2 220 3
219 220 1 17 3 220 3
219 236 1 100000 2 220 3
219 218 1 100000 1 220 3
236 219 0 19 3 219 2
236 237 0 8 2 219 2
236 253 0 9 1 219 2
236 235 0 100000 2 219 2
235 218 0 100000 2 236 3
235 236 0 21 3 236 3
235 252 0 10 2 236 3
235 234 0 100000 1 236 3
234 217 1 100000 2 235 3
234 235 1 23 3 235 3
234 251 1 100000 2 235 3
234 233 1 100000 1 235 3
233 216 -1 100000 2 234 3
233 234 -1 24 3 234 3
233 250 -1 100000 2 234 3
233 232 -1 100000 1 234 3
251 234 -1 24 3 234 2
251 252 -1 10 2 234 2
251 268 -1 0 1 234 2
251 250 -1 100000 2 234 2
217 200 1 100000 1 234 0
217 218 1 100000 2 234 0
217 234 1 24 3 234 0
217 216 1 100000 2 234 0
200 183 1 100000 1 217 0
200 201 1 100000 2 217 0
200 217 1 26 3 217 0
200 199 1 100000 2 217 0
201 184 0 100000 2 200 1
201 202 0 100000 1 200 1
201 218 0 100000 2 200 1
201 200 0 27 3 200 1
184 167 1 100000 1 201 0
184 185 1 100000 2 201 0
184 201 1 29 3 201 0
184 183 1 100000 2 201 0
185 168 0 100000 2 184 1
185 186 0 100000 1 184 1
185 202 0 100000 2 184 1
185 184 0 31 3 184 1
168 151 1 100000 1 185 0
168 169 1 100000 2 185 0
168 185 1 33 3 185 0
168 167 1 100000 2 185 0
169 152 0 100000 2 168 1
169 170 0 100000 1 168 1
169 186 0 100000 2 168 1
169 168 0 35 3 168 1
152 135 1 100000 1 169 0
152 153 1 100000 2 169 0
152 169 1 37 3 169 0
152 151 1 36 2 169 0
153 136 0 100000 2 152 1
153 154 0 100000 1 152 1
153 170 0 100000 2 152 1
153 152 0 39 3 152 1
151 134 1 100000 1 168 0
151 152 1 39 2 168 0
151 168 1 35 3 168 0
151 150 1 100000 2 168 0
187 170 1 100000 1 204 0
187 188 1 100000 2 204 0
187 204 1 13 3 204 0
187 186 1 100000 2 204 0
188 171 0 100000 2 187 1
188 189 0 100000 1 187 1
188 205 0 100000 2 187 1
188 187 0 14 3 187 1
189 172 0 100000 2 188 1
189 190 0 100000 1 188 1
189 206 0 100000 2 188 1
189 188 0 16 3 188 1
172 155 1 100000 1 189 0
172 173 1 100000 2 189 0
172 189 1 17 3 189 0
172 171 1 18 2 189 0
171 154 1 100000 1 188 0
171 172 1 19 2 188 0
171 188 1 16 3 188 0
171 170 1 100000 2 188 0
267
268
267

255
turn into 267
267 250 0 100000 2 -1 3
267 268 0 100000 3 -1 3
267 284 0 100000 2 -1 3
267 266 0 100000 1 -1 3
268 251 0 100000 2 267 1
268 269 0 100000 1 267 1
268 285 0 100000 2 267 1
268 267 0 0 3 267 1
269 252 0 100000 2 268 1
269 270 0 100000 1 268 1
269 286 0 100000 2 268 1
269 268 0 3 3 268 1
270 253 0 100000 2 269 1
270 271 0 100000 1 269 1
270 287 0 100000 2 269 1
270 269 0 4 3 269 1
271 254 0 100000 2 270 1
271 272 0 100000 1 270 1
271 288 0 100000 2 270 1
271 270 0 5 3 270 1
254 237 1 100000 1 271 0
254 255 1 100000 2 271 0
254 271 1 6 3 271 0
254 253 1 100000 2 271 0
253 236 0 100000 2 254 3
253 254 0 8 3 254 3
253 270 0 5 2 254 3
253 252 0 100000 1 254 3
252 235 0 100000 2 253 3
252 253 0 10 3 253 3
252 269 0 4 2 253 3
252 251 0 100000 1 253 3
255 238 -1 100000 2 254 1
255 256 -1 100000 1 254 1
255 272 -1 100000 2 254 1
255 254 -1 8 3 254 1
237 220 1 100000 1 254 0
237 238 1 100000 2 254 0
237 254 1 8 3 254 0
237 236 1 100000 2 254 0
238 221 0 100000 2 237 1
238 239 0 100000 1 237 1
238 255 0 10 2 237 1
238 237 0 9 3 237 1
221 204 1 100000 1 238 0
221 222 1 100000 2 238 0
221 238 1 11 3 238 0
221 220 1 100000 2 238 0
204 187 1 100000 1 221 0
204 205 1 100000 2 221 0
204 221 1 13 3 221 0
204 203 1 100000 2 221 0
203 186 1 100000 2 204 3
203 204 1 14 3 204 3
203 220 1 100000 2 204 3
203 202 1 100000 1 204 3
220 203 0 16 3 203 2
220 221 0 13 2 203 2
220 237 0 9 1 203 2
220 219 0 100000 2 203 2
219 202 1 100000 2 220 3
219 220 1 18 3 220 3
219 236 1 100000 2 220 3
219 218 1 100000 1 220 3
236 219 0 20 3 219 2
236 237 0 9 2 219 2
236 253 0 10 1 219 2
236 235 0 100000 2 219 2
235 218 0 100000 2 236 3
235 236 0 22 3 236 3
235 252 0 11 2 236 3
235 234 0 100000 1 236 3
234 217 1 100000 2 235 3
234 235 1 24 3 235 3
234 251 1 100000 2 235 3
234 233 1 100000 1 235 3
233 216 -1 100000 2 234 3
233 234 -1 25 3 234 3
233 250 -1 100000 2 234 3
233 232 -1 100000 1 234 3
251 234 -1 25 3 234 2
251 252 -1 11 2 234 2
251 268 -1 3 1 234 2
251 250 -1 100000 2 234 2
217 200 1 100000 1 234 0
217 218 1 100000 2 234 0
217 234 1 25 3 234 0
217 216 1 100000 2 234 0
200 183 1 100000 1 217 0
200 201 1 100000 2 217 0
200 217 1 27 3 217 0
200 199 1 100000 2 217 0
201 184 0 100000 2 200 1
201 202 0 100000 1 200 1
201 218 0 100000 2 200 1
201 200 0 28 3 200 1
184 167 1 100000 1 201 0
184 185 1 100000 2 201 0
184 201 1 30 3 201 0
184 183 1 100000 2 201 0
185 168 0 100000 2 184 1
185 186 0 100000 1 184 1
185 202 0 100000 2 184 1
185 184 0 32 3 184 1
168 151 1 100000 1 185 0
168 169 1 100000 2 185 0
168 185 1 34 3 185 0
168 167 1 100000 2 185 0
169 152 0 100000 2 168 1
169 170 0 100000 1 168 1
169 186 0 100000 2 168 1
169 168 0 36 3 168 1
152 135 1 100000 1 169 0
152 153 1 100000 2 169 0
152 169 1 38 3 169 0
152 151 1 37 2 169 0
153 136 0 100000 2 152 1
153 154 0 100000 1 152 1
153 170 0 100000 2 152 1
153 152 0 40 3 152 1
151 134 1 100000 1 168 0
151 152 1 40 2 168 0
151 168 1 36 3 168 0
151 150 1 100000 2 168 0
187 170 1 100000 1 204 0
187 188 1 100000 2 204 0
187 204 1 14 3 204 0
187 186 1 100000 2 204 0
188 171 0 100000 2 187 1
188 189 0 100000 1 187 1
188 205 0 100000 2 187 1
188 187 0 15 3 187 1
189 172 0 100000 2 188 1
189 190 0 100000 1 188 1
189 206 0 100000 2 188 1
189 188 0 17 3 188 1
172 155 1 100000 1 189 0
172 173 1 100000 2 189 0
172 189 1 18 3 189 0
172 171 1 19 2 189 0
171 154 1 100000 1 188 0
171 172 1 20 2 188 0
171 188 1 17 3 188 0
171 170 1 100000 2 188 0
255
267
268

269

270

271

254

255

256
turn into 255
255 238 0 100000 2 -1 1
255 256 0 100000 1 -1 1
255 272 0 100000 2 -1 1
255 254 0 100000 3 -1 1
254 237 1 100000 2 255 3
254 255 1 0 3 255 3
254 271 1 100000 2 255 3
254 253 1 100000 1 255 3
253 236 0 100000 2 254 3
253 254 0 3 3 254 3
253 270 0 100000 2 254 3
253 252 0 100000 1 254 3
252 235 0 100000 2 253 3
252 253 0 4 3 253 3
252 269 0 100000 2 253 3
252 251 0 100000 1 253 3
271 254 0 3 3 254 2
271 272 0 100000 2 254 2
271 288 0 100000 1 254 2
271 270 0 100000 2 254 2
270 253 0 4 2 271 3
270 271 0 5 3 271 3
270 287 0 100000 2 271 3
270 269 0 100000 1 271 3
269 252 0 5 2 270 3
269 270 0 7 3 270 3
269 286 0 100000 2 270 3
269 268 0 100000 1 270 3
268 251 0 100000 2 269 3
268 269 0 8 3 269 3
268 285 0 100000 2 269 3
268 267 0 100000 1 269 3
267 250 0 100000 2 268 3
267 268 0 9 3 268 3
267 284 0 100000 2 268 3
267 266 0 100000 1 268 3
237 220 1 100000 1 254 0
237 238 1 100000 2 254 0
237 254 1 3 3 254 0
237 236 1 100000 2 254 0
238 221 0 100000 2 237 1
238 239 0 100000 1 237 1
238 255 0 0 2 237 1
238 237 0 5 3 237 1
221 204 1 100000 1 238 0
221 222 1 100000 2 238 0
221 238 1 7 3 238 0
221 220 1 100000 2 238 0
204 187 1 100000 1 221 0
204 205 1 100000 2 221 0
204 221 1 9 3 221 0
204 203 1 100000 2 221 0
203 186 1 100000 2 204 3
203 204 1 10 3 204 3
203 220 1 100000 2 204 3
203 202 1 100000 1 204 3
220 203 0 12 3 203 2
220 221 0 9 2 203 2
220 237 0 5 1 203 2
220 219 0 100000 2 203 2
219 202 1 100000 2 220 3
219 220 1 14 3 220 3
219 236 1 100000 2 220 3
219 218 1 100000 1 220 3
236 219 0 16 3 219 2
236 237 0 5 2 219 2
236 253 0 4 1 219 2
236 235 0 100000 2 219 2
235 218 0 100000 2 236 3
235 236 0 18 3 236 3
235 252 0 5 2 236 3
235 234 0 100000 1 236 3
234 217 1 100000 2 235 3
234 235 1 20 3 235 3
234 251 1 100000 2 235 3
234 233 1 100000 1 235 3
233 216 -1 100000 2 234 3
233 234 -1 21 3 234 3
233 250 -1 100000 2 234 3
233 232 -1 100000 1 234 3
251 234 -1 21 3 234 2
251 252 -1 5 2 234 2
251 268 -1 9 1 234 2
251 250 -1 100000 2 234 2
217 200 1 100000 1 234 0
217 218 1 100000 2 234 0
217 234 1 21 3 234 0
217 216 1 100000 2 234 0
200 183 1 100000 1 217 0
200 201 1 100000 2 217 0
200 217 1 23 3 217 0
200 199 1 100000 2 217 0
201 184 0 100000 2 200 1
201 202 0 100000 1 200 1
201 218 0 100000 2 200 1
201 200 0 24 3 200 1
184 167 1 100000 1 201 0
184 185 1 100000 2 201 0
184 201 1 26 3 201 0
184 183 1 100000 2 201 0
185 168 0 100000 2 184 1
185 186 0 100000 1 184 1
185 202 0 100000 2 184 1
185 184 0 28 3 184 1
168 151 1 100000 1 185 0
168 169 1 100000 2 185 0
168 185 1 30 3 185 0
168 167 1 100000 2 185 0
169 152 0 100000 2 168 1
169 170 0 100000 1 168 1
169 186 0 100000 2 168 1
169 168 0 32 3 168 1
152 135 1 100000 1 169 0
152 153 1 100000 2 169 0
152 169 1 34 3 169 0
152 151 1 33 2 169 0
153 136 0 100000 2 152 1
153 154 0 100000 1 152 1
153 170 0 100000 2 152 1
153 152 0 36 3 152 1
151 134 1 100000 1 168 0
151 152 1 36 2 168 0
151 168 1 32 3 168 0
151 150 1 100000 2 168 0
187 170 1 100000 1 204 0
187 188 1 100000 2 204 0
187 204 1 10 3 204 0
187 186 1 100000 2 204 0
188 171 0 100000 2 187 1
188 189 0 100000 1 187 1
188 205 0 100000 2 187 1
188 187 0 11 3 187 1
189 172 0 100000 2 188 1
189 190 0 100000 1 188 1
189 206 0 100000 2 188 1
189 188 0 13 3 188 1
172 155 1 100000 1 189 0
172 173 1 100000 2 189 0
172 189 1 14 3 189 0
172 171 1 15 2 189 0
171 154 1 100000 1 188 0
171 172 1 16 2 188 0
171 188 1 13 3 188 0
171 170 1 100000 2 188 0
256 239 -1 100000 2 255 1
256 257 -1 100000 1 255 1
256 273 -1 100000 2 255 1
256 255 -1 0 3 255 1
256
255
256

239
turn into 256
256 239 0 100000 2 -1 1
256 257 0 100000 1 -1 1
256 273 0 100000 2 -1 1
256 255 0 100000 3 -1 1
255 238 0 100000 2 256 3
255 256 0 0 3 256 3
255 272 0 100000 2 256 3
255 254 0 100000 1 256 3
254 237 1 100000 2 255 3
254 255 1 3 3 255 3
254 271 1 100000 2 255 3
254 253 1 100000 1 255 3
253 236 0 100000 2 254 3
253 254 0 4 3 254 3
253 270 0 100000 2 254 3
253 252 0 100000 1 254 3
252 235 0 100000 2 253 3
252 253 0 5 3 253 3
252 269 0 100000 2 253 3
252 251 0 100000 1 253 3
271 254 0 4 3 254 2
271 272 0 100000 2 254 2
271 288 0 100000 1 254 2
271 270 0 100000 2 254 2
270 253 0 5 2 271 3
270 271 0 6 3 271 3
270 287 0 100000 2 271 3
270 269 0 100000 1 271 3
269 252 0 6 2 270 3
269 270 0 8 3 270 3
269 286 0 100000 2 270 3
269 268 0 100000 1 270 3
268 251 0 100000 2 269 3
268 269 0 9 3 269 3
268 285 0 100000 2 269 3
268 267 0 100000 1 269 3
267 250 0 100000 2 268 3
267 268 0 10 3 268 3
267 284 0 100000 2 268 3
267 266 0 100000 1 268 3
237 220 1 100000 1 254 0
237 238 1 100000 2 254 0
237 254 1 4 3 254 0
237 236 1 100000 2 254 0
238 221 0 100000 2 237 1
238 239 0 2 1 237 1
238 255 0 3 2 237 1
238 237 0 6 3 237 1
221 204 1 100000 1 238 0
221 222 1 100000 2 238 0
221 238 1 8 3 238 0
221 220 1 100000 2 238 0
204 187 1 100000 1 221 0
204 205 1 100000 2 221 0
204 221 1 10 3 221 0
204 203 1 100000 2 221 0
203 186 1 100000 2 204 3
203 204 1 11 3 204 3
203 220 1 100000 2 204 3
203 202 1 100000 1 204 3
220 203 0 13 3 203 2
220 221 0 10 2 203 2
220 237 0 6 1 203 2
220 219 0 100000 2 203 2
219 202 1 100000 2 220 3
219 220 1 15 3 220 3
219 236 1 100000 2 220 3
219 218 1 100000 1 220 3
236 219 0 17 3 219 2
236 237 0 6 2 219 2
236 253 0 5 1 219 2
236 235 0 100000 2 219 2
235 218 0 100000 2 236 3
235 236 0 19 3 236 3
235 252 0 6 2 236 3
235 234 0 100000 1 236 3
234 217 1 100000 2 235 3
234 235 1 21 3 235 3
234 251 1 100000 2 235 3
234 233 1 100000 1 235 3
233 216 -1 100000 2 234 3
233 234 -1 22 3 234 3
233 250 -1 100000 2 234 3
233 232 -1 100000 1 234 3
251 234 -1 22 3 234 2
251 252 -1 6 2 234 2
251 268 -1 10 1 234 2
251 250 -1 100000 2 234 2
217 200 1 100000 1 234 0
217 218 1 100000 2 234 0
217 234 1 22 3 234 0
217 216 1 100000 2 234 0
200 183 1 100000 1 217 0
200 201 1 100000 2 217 0
200 217 1 24 3 217 0
200 199 1 100000 2 217 0
201 184 0 100000 2 200 1
201 202 0 100000 1 200 1
201 218 0 100000 2 200 1
201 200 0 25 3 200 1
184 167 1 100000 1 201 0
184 185 1 100000 2 201 0
184 201 1 27 3 201 0
184 183 1 100000 2 201 0
185 168 0 100000 2 184 1
185 186 0 100000 1 184 1
185 202 0 100000 2 184 1
185 184 0 29 3 184 1
168 151 1 100000 1 185 0
168 169 1 100000 2 185 0
168 185 1 31 3 185 0
168 167 1 100000 2 185 0
169 152 0 100000 2 168 1
169 170 0 100000 1 168 1
169 186 0 100000 2 168 1
169 168 0 33 3 168 1
152 135 1 100000 1 169 0
152 153 1 100000 2 169 0
152 169 1 35 3 169 0
152 151 1 34 2 169 0
153 136 0 100000 2 152 1
153 154 0 100000 1 152 1
153 170 0 100000 2 152 1
153 152 0 37 3 152 1
151 134 1 100000 1 168 0
151 152 1 37 2 168 0
151 168 1 33 3 168 0
151 150 1 100000 2 168 0
187 170 1 100000 1 204 0
187 188 1 100000 2 204 0
187 204 1 11 3 204 0
187 186 1 100000 2 204 0
188 171 0 100000 2 187 1
188 189 0 100000 1 187 1
188 205 0 100000 2 187 1
188 187 0 12 3 187 1
189 172 0 100000 2 188 1
189 190 0 100000 1 188 1
189 206 0 100000 2 188 1
189 188 0 14 3 188 1
172 155 1 100000 1 189 0
172 173 1 100000 2 189 0
172 189 1 15 3 189 0
172 171 1 16 2 189 0
171 154 1 100000 1 188 0
171 172 1 17 2 188 0
171 188 1 14 3 188 0
171 170 1 100000 2 188 0
239 222 1 100000 1 256 0
239 240 1 100000 2 256 0
239 256 1 0 3 256 0
239 238 1 8 2 256 0
239
256
239

222
turn into 239
239 222 1 100000 1 -1 0
239 240 1 100000 2 -1 0
239 256 1 100000 3 -1 0
239 238 1 100000 2 -1 0
256 239 0 0 3 239 2
256 257 0 100000 2 239 2
256 273 0 100000 1 239 2
256 255 0 100000 2 239 2
255 238 0 100000 2 256 3
255 256 0 3 3 256 3
255 272 0 100000 2 256 3
255 254 0 100000 1 256 3
254 237 1 100000 2 255 3
254 255 1 5 3 255 3
254 271 1 100000 2 255 3
254 253 1 100000 1 255 3
253 236 0 100000 2 254 3
253 254 0 6 3 254 3
253 270 0 100000 2 254 3
253 252 0 100000 1 254 3
252 235 0 100000 2 253 3
252 253 0 7 3 253 3
252 269 0 100000 2 253 3
252 251 0 100000 1 253 3
271 254 0 6 3 254 2
271 272 0 100000 2 254 2
271 288 0 100000 1 254 2
271 270 0 100000 2 254 2
270 253 0 7 2 271 3
270 271 0 8 3 271 3
270 287 0 100000 2 271 3
270 269 0 100000 1 271 3
269 252 0 8 2 270 3
269 270 0 10 3 270 3
269 286 0 100000 2 270 3
269 268 0 100000 1 270 3
268 251 0 100000 2 269 3
268 269 0 11 3 269 3
268 285 0 100000 2 269 3
268 267 0 100000 1 269 3
267 250 0 100000 2 268 3
267 268 0 12 3 268 3
267 284 0 100000 2 268 3
267 266 0 100000 1 268 3
237 220 1 100000 1 254 0
237 238 1 100000 2 254 0
237 254 1 6 3 254 0
237 236 1 100000 2 254 0
238 221 0 100000 2 237 1
238 239 0 0 1 237 1
238 255 0 5 2 237 1
238 237 0 8 3 237 1
221 204 1 100000 1 238 0
221 222 1 1 2 238 0
221 238 1 10 3 238 0
221 220 1 100000 2 238 0
204 187 1 100000 1 221 0
204 205 1 100000 2 221 0
204 221 1 12 3 221 0
204 203 1 100000 2 221 0
203 186 1 100000 2 204 3
203 204 1 13 3 204 3
203 220 1 100000 2 204 3
203 202 1 100000 1 204 3
220 203 0 15 3 203 2
220 221 0 12 2 203 2
220 237 0 8 1 203 2
220 219 0 100000 2 203 2
219 202 1 100000 2 220 3
219 220 1 17 3 220 3
219 236 1 100000 2 220 3
219 218 1 100000 1 220 3
236 219 0 19 3 219 2
236 237 0 8 2 219 2
236 253 0 7 1 219 2
236 235 0 100000 2 219 2
235 218 0 100000 2 236 3
235 236 0 21 3 236 3
235 252 0 8 2 236 3
235 234 0 100000 1 236 3
234 217 1 100000 2 235 3
234 235 1 23 3 235 3
234 251 1 100000 2 235 3
234 233 1 100000 1 235 3
233 216 -1 100000 2 234 3
233 234 -1 24 3 234 3
233 250 -1 100000 2 234 3
233 232 -1 100000 1 234 3
251 234 -1 24 3 234 2
251 252 -1 8 2 234 2
251 268 -1 12 1 234 2
251 250 -1 100000 2 234 2
217 200 1 100000 1 234 0
217 218 1 100000 2 234 0
217 234 1 24 3 234 0
217 216 1 100000 2 234 0
200 183 1 100000 1 217 0
200 201 1 100000 2 217 0
200 217 1 26 3 217 0
200 199 1 100000 2 217 0
201 184 0 100000 2 200 1
201 202 0 100000 1 200 1
201 218 0 100000 2 200 1
201 200 0 27 3 200 1
184 167 1 100000 1 201 0
184 185 1 100000 2 201 0
184 201 1 29 3 201 0
184 183 1 100000 2 201 0
185 168 0 100000 2 184 1
185 186 0 100000 1 184 1
185 202 0 100000 2 184 1
185 184 0 31 3 184 1
168 151 1 100000 1 185 0
168 169 1 100000 2 185 0
168 185 1 33 3 185 0
168 167 1 100000 2 185 0
169 152 0 100000 2 168 1
169 170 0 100000 1 168 1
169 186 0 100000 2 168 1
169 168 0 35 3 168 1
152 135 1 100000 1 169 0
152 153 1 100000 2 169 0
152 169 1 37 3 169 0
152 151 1 36 2 169 0
153 136 0 100000 2 152 1
153 154 0 100000 1 152 1
153 170 0 100000 2 152 1
153 152 0 39 3 152 1
151 134 1 100000 1 168 0
151 152 1 39 2 168 0
151 168 1 35 3 168 0
151 150 1 100000 2 168 0
187 170 1 100000 1 204 0
187 188 1 100000 2 204 0
187 204 1 13 3 204 0
187 186 1 100000 2 204 0
188 171 0 100000 2 187 1
188 189 0 100000 1 187 1
188 205 0 100000 2 187 1
188 187 0 14 3 187 1
189 172 0 100000 2 188 1
189 190 0 100000 1 188 1
189 206 0 100000 2 188 1
189 188 0 16 3 188 1
172 155 1 100000 1 189 0
172 173 1 100000 2 189 0
172 189 1 17 3 189 0
172 171 1 18 2 189 0
171 154 1 100000 1 188 0
171 172 1 19 2 188 0
171 188 1 16 3 188 0
171 170 1 100000 2 188 0
222 205 1 100000 1 239 0
222 223 1 100000 2 239 0
222 239 1 0 3 239 0
222 221 1 12 2 239 0
222
239
222

223
turn into 222
222 205 1 100000 1 -1 0
222 223 1 100000 2 -1 0
222 239 1 100000 3 -1 0
222 221 1 100000 2 -1 0
239 222 1 0 3 222 2
239 240 1 100000 2 222 2
239 256 1 100000 1 222 2
239 238 1 100000 2 222 2
256 239 0 3 3 239 2
256 257 0 100000 2 239 2
256 273 0 100000 1 239 2
256 255 0 100000 2 239 2
255 238 0 100000 2 256 3
255 256 0 4 3 256 3
255 272 0 100000 2 256 3
255 254 0 100000 1 256 3
254 237 1 100000 2 255 3
254 255 1 6 3 255 3
254 271 1 100000 2 255 3
254 253 1 100000 1 255 3
253 236 0 100000 2 254 3
253 254 0 7 3 254 3
253 270 0 100000 2 254 3
253 252 0 100000 1 254 3
252 235 0 100000 2 253 3
252 253 0 8 3 253 3
252 269 0 100000 2 253 3
252 251 0 100000 1 253 3
271 254 0 7 3 254 2
271 272 0 100000 2 254 2
271 288 0 100000 1 254 2
271 270 0 100000 2 254 2
270 253 0 8 2 271 3
270 271 0 9 3 271 3
270 287 0 100000 2 271 3
270 269 0 100000 1 271 3
269 252 0 9 2 270 3
269 270 0 11 3 270 3
269 286 0 100000 2 270 3
269 268 0 100000 1 270 3
268 251 0 100000 2 269 3
268 269 0 12 3 269 3
268 285 0 100000 2 269 3
268 267 0 100000 1 269 3
267 250 0 100000 2 268 3
267 268 0 13 3 268 3
267 284 0 100000 2 268 3
267 266 0 100000 1 268 3
237 220 1 100000 1 254 0
237 238 1 100000 2 254 0
237 254 1 7 3 254 0
237 236 1 100000 2 254 0
238 221 0 100000 2 237 1
238 239 0 3 1 237 1
238 255 0 6 2 237 1
238 237 0 9 3 237 1
221 204 1 100000 1 238 0
221 222 1 0 2 238 0
221 238 1 11 3 238 0
221 220 1 100000 2 238 0
204 187 1 100000 1 221 0
204 205 1 100000 2 221 0
204 221 1 13 3 221 0
204 203 1 100000 2 221 0
203 186 1 100000 2 204 3
203 204 1 14 3 204 3
203 220 1 100000 2 204 3
203 202 1 100000 1 204 3
220 203 0 16 3 203 2
220 221 0 13 2 203 2
220 237 0 9 1 203 2
220 219 0 100000 2 203 2
219 202 1 100000 2 220 3
219 220 1 18 3 220 3
219 236 1 100000 2 220 3
219 218 1 100000 1 220 3
236 219 0 20 3 219 2
236 237 0 9 2 219 2
236 253 0 8 1 219 2
236 235 0 100000 2 219 2
235 218 0 100000 2 236 3
235 236 0 22 3 236 3
235 252 0 9 2 236 3
235 234 0 100000 1 236 3
234 217 1 100000 2 235 3
234 235 1 24 3 235 3
234 251 1 100000 2 235 3
234 233 1 100000 1 235 3
233 216 -1 100000 2 234 3
233 234 -1 25 3 234 3
233 250 -1 100000 2 234 3
233 232 -1 100000 1 234 3
251 234 -1 25 3 234 2
251 252 -1 9 2 234 2
251 268 -1 13 1 234 2
251 250 -1 100000 2 234 2
217 200 1 100000 1 234 0
217 218 1 100000 2 234 0
217 234 1 25 3 234 0
217 216 1 100000 2 234 0
200 183 1 100000 1 217 0
200 201 1 100000 2 217 0
200 217 1 27 3 217 0
200 199 1 100000 2 217 0
201 184 0 100000 2 200 1
201 202 0 100000 1 200 1
201 218 0 100000 2 200 1
201 200 0 28 3 200 1
184 167 1 100000 1 201 0
184 185 1 100000 2 201 0
184 201 1 30 3 201 0
184 183 1 100000 2 201 0
185 168 0 100000 2 184 1
185 186 0 100000 1 184 1
185 202 0 100000 2 184 1
185 184 0 32 3 184 1
168 151 1 100000 1 185 0
168 169 1 100000 2 185 0
168 185 1 34 3 185 0
168 167 1 100000 2 185 0
169 152 0 100000 2 168 1
169 170 0 100000 1 168 1
169 186 0 100000 2 168 1
169 168 0 36 3 168 1
152 135 1 100000 1 169 0
152 153 1 100000 2 169 0
152 169 1 38 3 169 0
152 151 1 37 2 169 0
153 136 0 100000 2 152 1
153 154 0 100000 1 152 1
153 170 0 100000 2 152 1
153 152 0 40 3 152 1
151 134 1 100000 1 168 0
151 152 1 40 2 168 0
151 168 1 36 3 168 0
151 150 1 100000 2 168 0
187 170 1 100000 1 204 0
187 188 1 100000 2 204 0
187 204 1 14 3 204 0
187 186 1 100000 2 204 0
188 171 0 100000 2 187 1
188 189 0 100000 1 187 1
188 205 0 100000 2 187 1
188 187 0 15 3 187 1
189 172 0 100000 2 188 1
189 190 0 100000 1 188 1
189 206 0 100000 2 188 1
189 188 0 17 3 188 1
172 155 1 100000 1 189 0
172 173 1 100000 2 189 0
172 189 1 18 3 189 0
172 171 1 19 2 189 0
171 154 1 100000 1 188 0
171 172 1 20 2 188 0
171 188 1 17 3 188 0
171 170 1 100000 2 188 0
223 206 -1 100000 2 222 1
223 224 -1 100000 1 222 1
223 240 -1 100000 2 222 1
223 222 -1 0 3 222 1
223
222
223

187
204
203
220
219
236
233
turn into 223
223 206 0 100000 2 -1 1
223 224 0 100000 1 -1 1
223 240 0 100000 2 -1 1
223 222 0 100000 3 -1 1
222 205 1 100000 2 223 3
222 223 1 0 3 223 3
222 239 1 100000 2 223 3
222 221 1 100000 1 223 3
239 222 1 3 3 222 2
239 240 1 100000 2 222 2
239 256 1 100000 1 222 2
239 238 1 100000 2 222 2
256 239 0 5 3 239 2
256 257 0 100000 2 239 2
256 273 0 100000 1 239 2
256 255 0 100000 2 239 2
255 238 0 100000 2 256 3
255 256 0 6 3 256 3
255 272 0 100000 2 256 3
255 254 0 100000 1 256 3
254 237 1 100000 2 255 3
254 255 1 8 3 255 3
254 271 1 100000 2 255 3
254 253 1 100000 1 255 3
253 236 0 100000 2 254 3
253 254 0 9 3 254 3
253 270 0 100000 2 254 3
253 252 0 100000 1 254 3
252 235 0 100000 2 253 3
252 253 0 10 3 253 3
252 269 0 100000 2 253 3
252 251 0 100000 1 253 3
271 254 0 9 3 254 2
271 272 0 100000 2 254 2
271 288 0 100000 1 254 2
271 270 0 100000 2 254 2
270 253 0 10 2 271 3
270 271 0 11 3 271 3
270 287 0 100000 2 271 3
270 269 0 100000 1 271 3
269 252 0 11 2 270 3
269 270 0 13 3 270 3
269 286 0 100000 2 270 3
269 268 0 100000 1 270 3
268 251 0 100000 2 269 3
268 269 0 14 3 269 3
268 285 0 100000 2 269 3
268 267 0 100000 1 269 3
267 250 0 100000 2 268 3
267 268 0 15 3 268 3
267 284 0 100000 2 268 3
267 266 0 100000 1 268 3
237 220 1 100000 1 254 0
237 238 1 100000 2 254 0
237 254 1 9 3 254 0
237 236 1 100000 2 254 0
238 221 0 100000 2 237 1
238 239 0 5 1 237 1
238 255 0 8 2 237 1
238 237 0 11 3 237 1
221 204 1 100000 1 238 0
221 222 1 3 2 238 0
221 238 1 13 3 238 0
221 220 1 100000 2 238 0
204 187 1 100000 1 221 0
204 205 1 100000 2 221 0
204 221 1 15 3 221 0
204 203 1 100000 2 221 0
203 186 1 100000 2 204 3
203 204 1 16 3 204 3
203 220 1 100000 2 204 3
203 202 1 100000 1 204 3
220 203 0 18 3 203 2
220 221 0 15 2 203 2
220 237 0 11 1 203 2
220 219 0 100000 2 203 2
219 202 1 100000 2 220 3
219 220 1 20 3 220 3
219 236 1 100000 2 220 3
219 218 1 100000 1 220 3
236 219 0 22 3 219 2
236 237 0 11 2 219 2
236 253 0 10 1 219 2
236 235 0 100000 2 219 2
235 218 0 100000 2 236 3
235 236 0 24 3 236 3
235 252 0 11 2 236 3
235 234 0 100000 1 236 3
234 217 1 100000 2 235 3
234 235 1 26 3 235 3
234 251 1 100000 2 235 3
234 233 1 100000 1 235 3
233 216 -1 100000 2 234 3
233 234 -1 27 3 234 3
233 250 -1 100000 2 234 3
233 232 -1 100000 1 234 3
251 234 -1 27 3 234 2
251 252 -1 11 2 234 2
251 268 -1 15 1 234 2
251 250 -1 100000 2 234 2
217 200 1 100000 1 234 0
217 218 1 100000 2 234 0
217 234 1 27 3 234 0
217 216 1 100000 2 234 0
200 183 1 100000 1 217 0
200 201 1 100000 2 217 0
200 217 1 29 3 217 0
200 199 1 100000 2 217 0
201 184 0 100000 2 200 1
201 202 0 100000 1 200 1
201 218 0 100000 2 200 1
201 200 0 30 3 200 1
184 167 1 100000 1 201 0
184 185 1 100000 2 201 0
184 201 1 32 3 201 0
184 183 1 100000 2 201 0
185 168 0 100000 2 184 1
185 186 0 100000 1 184 1
185 202 0 100000 2 184 1
185 184 0 34 3 184 1
168 151 1 100000 1 185 0
168 169 1 100000 2 185 0
168 185 1 36 3 185 0
168 167 1 100000 2 185 0
169 152 0 100000 2 168 1
169 170 0 100000 1 168 1
169 186 0 100000 2 168 1
169 168 0 38 3 168 1
152 135 1 100000 1 169 0
152 153 1 100000 2 169 0
152 169 1 40 3 169 0
152 151 1 39 2 169 0
153 136 0 100000 2 152 1
153 154 0 100000 1 152 1
153 170 0 100000 2 152 1
153 152 0 42 3 152 1
151 134 1 100000 1 168 0
151 152 1 42 2 168 0
151 168 1 38 3 168 0
151 150 1 100000 2 168 0
187 170 1 100000 1 204 0
187 188 1 100000 2 204 0
187 204 1 16 3 204 0
187 186 1 100000 2 204 0
188 171 0 100000 2 187 1
188 189 0 100000 1 187 1
188 205 0 100000 2 187 1
188 187 0 17 3 187 1
189 172 0 100000 2 188 1
189 190 0 100000 1 188 1
189 206 0 100000 2 188 1
189 188 0 19 3 188 1
172 155 1 100000 1 189 0
172 173 1 100000 2 189 0
172 189 1 20 3 189 0
172 171 1 21 2 189 0
171 154 1 100000 1 188 0
171 172 1 22 2 188 0
171 188 1 19 3 188 0
171 170 1 100000 2 188 0
233
223
222

239

256

255

254

237

238

221

204

203

220

219

236

235

234

233

250
turn into 233
233 216 1 100000 2 -1 3
233 234 1 100000 3 -1 3
233 250 1 100000 2 -1 3
233 232 1 100000 1 -1 3
250 233 -1 0 3 233 2
250 251 -1 100000 2 233 2
250 267 -1 100000 1 233 2
250 249 -1 100000 2 233 2
234 217 1 100000 2 233 1
234 235 1 100000 1 233 1
234 251 1 100000 2 233 1
234 233 1 0 3 233 1
251 234 -1 3 3 234 2
251 252 -1 100000 2 234 2
251 268 -1 100000 1 234 2
251 250 -1 2 2 234 2
235 218 0 100000 2 234 1
235 236 0 100000 1 234 1
235 252 0 100000 2 234 1
235 234 0 3 3 234 1
236 219 0 100000 2 235 1
236 237 0 100000 1 235 1
236 253 0 100000 2 235 1
236 235 0 4 3 235 1
219 202 1 100000 1 236 0
219 220 1 100000 2 236 0
219 236 1 5 3 236 0
219 218 1 100000 2 236 0
220 203 0 100000 2 219 1
220 221 0 100000 1 219 1
220 237 0 100000 2 219 1
220 219 0 7 3 219 1
203 186 1 100000 1 220 0
203 204 1 100000 2 220 0
203 220 1 9 3 220 0
203 202 1 100000 2 220 0
204 187 1 100000 2 203 1
204 205 1 100000 1 203 1
204 221 1 100000 2 203 1
204 203 1 11 3 203 1
221 204 1 13 3 204 2
221 222 1 100000 2 204 2
221 238 1 100000 1 204 2
221 220 1 9 2 204 2
238 221 0 15 3 221 2
238 239 0 100000 2 221 2
238 255 0 100000 1 221 2
238 237 0 100000 2 221 2
237 220 1 9 2 238 3
237 238 1 16 3 238 3
237 254 1 100000 2 238 3
237 236 1 5 1 238 3
254 237 1 18 3 237 2
254 255 1 100000 2 237 2
254 271 1 100000 1 237 2
254 253 1 100000 2 237 2
253 236 0 5 2 254 3
253 254 0 20 3 254 3
253 270 0 100000 2 254 3
253 252 0 100000 1 254 3
252 235 0 4 2 253 3
252 253 0 22 3 253 3
252 269 0 100000 2 253 3
252 251 0 5 1 253 3
271 254 0 20 3 254 2
271 272 0 100000 2 254 2
271 288 0 100000 1 254 2
271 270 0 100000 2 254 2
270 253 0 22 2 271 3
270 271 0 21 3 271 3
270 287 0 100000 2 271 3
270 269 0 100000 1 271 3
269 252 0 23 2 270 3
269 270 0 23 3 270 3
269 286 0 100000 2 270 3
269 268 0 100000 1 270 3
268 251 0 5 2 269 3
268 269 0 24 3 269 3
268 285 0 100000 2 269 3
268 267 0 100000 1 269 3
267 250 0 2 2 268 3
267 268 0 25 3 268 3
267 284 0 100000 2 268 3
267 266 0 100000 1 268 3
255 238 0 16 2 254 1
255 256 0 100000 1 254 1
255 272 0 100000 2 254 1
255 254 0 20 3 254 1
256 239 0 100000 2 255 1
256 257 0 100000 1 255 1
256 273 0 100000 2 255 1
256 255 0 22 3 255 1
239 222 1 100000 1 256 0
239 240 1 100000 2 256 0
239 256 1 23 3 256 0
239 238 1 16 2 256 0
222 205 1 100000 1 239 0
222 223 1 100000 2 239 0
222 239 1 25 3 239 0
222 221 1 15 2 239 0
223 206 0 100000 2 222 1
223 224 0 100000 1 222 1
223 240 0 100000 2 222 1
223 222 0 26 3 222 1
187 170 1 100000 1 204 0
187 188 1 100000 2 204 0
187 204 1 13 3 204 0
187 186 1 100000 2 204 0
188 171 0 100000 2 187 1
188 189 0 100000 1 187 1
188 205 0 100000 2 187 1
188 187 0 15 3 187 1
189 172 0 100000 2 188 1
189 190 0 100000 1 188 1
189 206 0 100000 2 188 1
189 188 0 17 3 188 1
172 155 1 100000 1 189 0
172 173 1 100000 2 189 0
172 189 1 18 3 189 0
172 171 1 19 2 189 0
171 154 1 100000 1 188 0
171 172 1 20 2 188 0
171 188 1 17 3 188 0
171 170 1 100000 2 188 0
217 200 1 100000 1 234 0
217 218 1 100000 2 234 0
217 234 1 3 3 234 0
217 216 1 100000 2 234 0
200 183 1 100000 1 217 0
200 201 1 100000 2 217 0
200 217 1 5 3 217 0
200 199 1 100000 2 217 0
201 184 0 100000 2 200 1
201 202 0 100000 1 200 1
201 218 0 100000 2 200 1
201 200 0 6 3 200 1
184 167 1 100000 1 201 0
184 185 1 100000 2 201 0
184 201 1 8 3 201 0
184 183 1 100000 2 201 0
185 168 0 100000 2 184 1
185 186 0 100000 1 184 1
185 202 0 100000 2 184 1
185 184 0 10 3 184 1
168 151 1 100000 1 185 0
168 169 1 100000 2 185 0
168 185 1 12 3 185 0
168 167 1 100000 2 185 0
169 152 0 100000 2 168 1
169 170 0 100000 1 168 1
169 186 0 100000 2 168 1
169 168 0 14 3 168 1
152 135 1 100000 1 169 0
152 153 1 100000 2 169 0
152 169 1 16 3 169 0
152 151 1 15 2 169 0
153 136 0 100000 2 152 1
153 154 0 100000 1 152 1
153 170 0 100000 2 152 1
153 152 0 18 3 152 1
151 134 1 100000 1 168 0
151 152 1 18 2 168 0
151 168 1 14 3 168 0
151 150 1 100000 2 168 0
250
233
250

251
turn into 250
250 233 0 100000 3 -1 2
250 251 0 100000 2 -1 2
250 267 0 100000 1 -1 2
250 249 0 100000 2 -1 2
251 234 -1 100000 2 250 1
251 252 -1 100000 1 250 1
251 268 -1 100000 2 250 1
251 250 -1 0 3 250 1
234 217 1 100000 1 251 0
234 235 1 100000 2 251 0
234 251 1 2 3 251 0
234 233 1 3 2 251 0
235 218 0 100000 2 234 1
235 236 0 100000 1 234 1
235 252 0 100000 2 234 1
235 234 0 4 3 234 1
236 219 0 100000 2 235 1
236 237 0 100000 1 235 1
236 253 0 100000 2 235 1
236 235 0 6 3 235 1
219 202 1 100000 1 236 0
219 220 1 100000 2 236 0
219 236 1 7 3 236 0
219 218 1 100000 2 236 0
220 203 0 100000 2 219 1
220 221 0 100000 1 219 1
220 237 0 100000 2 219 1
220 219 0 9 3 219 1
203 186 1 100000 1 220 0
203 204 1 100000 2 220 0
203 220 1 11 3 220 0
203 202 1 100000 2 220 0
204 187 1 100000 2 203 1
204 205 1 100000 1 203 1
204 221 1 100000 2 203 1
204 203 1 13 3 203 1
221 204 1 15 3 204 2
221 222 1 100000 2 204 2
221 238 1 100000 1 204 2
221 220 1 11 2 204 2
238 221 0 17 3 221 2
238 239 0 100000 2 221 2
238 255 0 100000 1 221 2
238 237 0 100000 2 221 2
237 220 1 11 2 238 3
237 238 1 18 3 238 3
237 254 1 100000 2 238 3
237 236 1 7 1 238 3
254 237 1 20 3 237 2
254 255 1 100000 2 237 2
254 271 1 100000 1 237 2
254 253 1 100000 2 237 2
253 236 0 7 2 254 3
253 254 0 22 3 254 3
253 270 0 100000 2 254 3
253 252 0 100000 1 254 3
252 235 0 6 2 253 3
252 253 0 24 3 253 3
252 269 0 100000 2 253 3
252 251 0 2 1 253 3
271 254 0 22 3 254 2
271 272 0 100000 2 254 2
271 288 0 100000 1 254 2
271 270 0 100000 2 254 2
270 253 0 24 2 271 3
270 271 0 23 3 271 3
270 287 0 100000 2 271 3
270 269 0 100000 1 271 3
269 252 0 25 2 270 3
269 270 0 25 3 270 3
269 286 0 100000 2 270 3
269 268 0 100000 1 270 3
268 251 0 2 2 269 3
268 269 0 26 3 269 3
268 285 0 100000 2 269 3
268 267 0 100000 1 269 3
267 250 0 0 2 268 3
267 268 0 27 3 268 3
267 284 0 100000 2 268 3
267 266 0 100000 1 268 3
255 238 0 18 2 254 1
255 256 0 100000 1 254 1
255 272 0 100000 2 254 1
255 254 0 22 3 254 1
256 239 0 100000 2 255 1
256 257 0 100000 1 255 1
256 273 0 100000 2 255 1
256 255 0 24 3 255 1
239 222 1 100000 1 256 0
239 240 1 100000 2 256 0
239 256 1 25 3 256 0
239 238 1 18 2 256 0
222 205 1 100000 1 239 0
222 223 1 100000 2 239 0
222 239 1 27 3 239 0
222 221 1 17 2 239 0
223 206 0 100000 2 222 1
223 224 0 100000 1 222 1
223 240 0 100000 2 222 1
223 222 0 28 3 222 1
187 170 1 100000 1 204 0
187 188 1 100000 2 204 0
187 204 1 15 3 204 0
187 186 1 100000 2 204 0
188 171 0 100000 2 187 1
188 189 0 100000 1 187 1
188 205 0 100000 2 187 1
188 187 0 17 3 187 1
189 172 0 100000 2 188 1
189 190 0 100000 1 188 1
189 206 0 100000 2 188 1
189 188 0 19 3 188 1
172 155 1 100000 1 189 0
172 173 1 100000 2 189 0
172 189 1 20 3 189 0
172 171 1 21 2 189 0
171 154 1 100000 1 188 0
171 172 1 22 2 188 0
171 188 1 19 3 188 0
171 170 1 100000 2 188 0
217 200 1 100000 1 234 0
217 218 1 100000 2 234 0
217 234 1 4 3 234 0
217 216 1 100000 2 234 0
200 183 1 100000 1 217 0
200 201 1 100000 2 217 0
200 217 1 5 3 217 0
200 199 1 100000 2 217 0
201 184 0 100000 2 200 1
201 202 0 100000 1 200 1
201 218 0 100000 2 200 1
201 200 0 6 3 200 1
184 167 1 100000 1 201 0
184 185 1 100000 2 201 0
184 201 1 8 3 201 0
184 183 1 100000 2 201 0
185 168 0 100000 2 184 1
185 186 0 100000 1 184 1
185 202 0 100000 2 184 1
185 184 0 10 3 184 1
168 151 1 100000 1 185 0
168 169 1 100000 2 185 0
168 185 1 12 3 185 0
168 167 1 100000 2 185 0
169 152 0 100000 2 168 1
169 170 0 100000 1 168 1
169 186 0 100000 2 168 1
169 168 0 14 3 168 1
152 135 1 100000 1 169 0
152 153 1 100000 2 169 0
152 169 1 16 3 169 0
152 151 1 15 2 169 0
153 136 0 100000 2 152 1
153 154 0 100000 1 152 1
153 170 0 100000 2 152 1
153 152 0 18 3 152 1
151 134 1 100000 1 168 0
151 152 1 18 2 168 0
151 168 1 14 3 168 0
151 150 1 100000 2 168 0
233 216 1 100000 1 250 0
233 234 1 4 2 250 0
233 250 1 0 3 250 0
233 232 1 100000 2 250 0
251
250
251

251
235
234
217
200
201
184
151
turn into 251
251 234 0 100000 2 -1 1
251 252 0 100000 1 -1 1
251 268 0 100000 2 -1 1
251 250 0 100000 3 -1 1
250 233 0 100000 2 251 3
250 251 0 0 3 251 3
250 267 0 100000 2 251 3
250 249 0 100000 1 251 3
233 216 1 100000 1 250 0
233 234 1 2 2 250 0
233 250 1 3 3 250 0
233 232 1 100000 2 250 0
234 217 1 100000 1 251 0
234 235 1 100000 2 251 0
234 251 1 0 3 251 0
234 233 1 5 2 251 0
233 216 1 100000 2 234 3
233 234 1 2 3 234 3
233 250 1 3 2 234 3
233 232 1 100000 1 234 3
235 218 0 100000 2 234 1
235 236 0 100000 1 234 1
235 252 0 100000 2 234 1
235 234 0 2 3 234 1
236 219 0 100000 2 235 1
236 237 0 100000 1 235 1
236 253 0 100000 2 235 1
236 235 0 4 3 235 1
219 202 1 100000 1 236 0
219 220 1 100000 2 236 0
219 236 1 5 3 236 0
219 218 1 100000 2 236 0
220 203 0 100000 2 219 1
220 221 0 100000 1 219 1
220 237 0 100000 2 219 1
220 219 0 7 3 219 1
203 186 1 100000 1 220 0
203 204 1 100000 2 220 0
203 220 1 9 3 220 0
203 202 1 100000 2 220 0
204 187 1 100000 2 203 1
204 205 1 100000 1 203 1
204 221 1 100000 2 203 1
204 203 1 11 3 203 1
221 204 1 13 3 204 2
221 222 1 100000 2 204 2
221 238 1 100000 1 204 2
221 220 1 9 2 204 2
238 221 0 15 3 221 2
238 239 0 100000 2 221 2
238 255 0 100000 1 221 2
238 237 0 100000 2 221 2
237 220 1 9 2 238 3
237 238 1 16 3 238 3
237 254 1 100000 2 238 3
237 236 1 5 1 238 3
254 237 1 18 3 237 2
254 255 1 100000 2 237 2
254 271 1 100000 1 237 2
254 253 1 100000 2 237 2
253 236 0 5 2 254 3
253 254 0 20 3 254 3
253 270 0 100000 2 254 3
253 252 0 100000 1 254 3
252 235 0 4 2 253 3
252 253 0 22 3 253 3
252 269 0 100000 2 253 3
252 251 0 0 1 253 3
271 254 0 20 3 254 2
271 272 0 100000 2 254 2
271 288 0 100000 1 254 2
271 270 0 100000 2 254 2
270 253 0 22 2 271 3
270 271 0 21 3 271 3
270 287 0 100000 2 271 3
270 269 0 100000 1 271 3
269 252 0 23 2 270 3
269 270 0 23 3 270 3
269 286 0 100000 2 270 3
269 268 0 100000 1 270 3
268 251 0 0 2 269 3
268 269 0 24 3 269 3
268 285 0 100000 2 269 3
268 267 0 100000 1 269 3
267 250 0 3 2 268 3
267 268 0 25 3 268 3
267 284 0 100000 2 268 3
267 266 0 100000 1 268 3
255 238 0 16 2 254 1
255 256 0 100000 1 254 1
255 272 0 100000 2 254 1
255 254 0 20 3 254 1
256 239 0 100000 2 255 1
256 257 0 100000 1 255 1
256 273 0 100000 2 255 1
256 255 0 22 3 255 1
239 222 1 100000 1 256 0
239 240 1 100000 2 256 0
239 256 1 23 3 256 0
239 238 1 16 2 256 0
222 205 1 100000 1 239 0
222 223 1 100000 2 239 0
222 239 1 25 3 239 0
222 221 1 15 2 239 0
223 206 0 100000 2 222 1
223 224 0 100000 1 222 1
223 240 0 100000 2 222 1
223 222 0 26 3 222 1
187 170 1 100000 1 204 0
187 188 1 100000 2 204 0
187 204 1 13 3 204 0
187 186 1 100000 2 204 0
188 171 0 100000 2 187 1
188 189 0 100000 1 187 1
188 205 0 100000 2 187 1
188 187 0 15 3 187 1
189 172 0 100000 2 188 1
189 190 0 100000 1 188 1
189 206 0 100000 2 188 1
189 188 0 17 3 188 1
172 155 1 100000 1 189 0
172 173 1 100000 2 189 0
172 189 1 18 3 189 0
172 171 1 19 2 189 0
171 154 1 100000 1 188 0
171 172 1 20 2 188 0
171 188 1 17 3 188 0
171 170 1 100000 2 188 0
217 200 1 100000 1 234 0
217 218 1 100000 2 234 0
217 234 1 2 3 234 0
217 216 1 100000 2 234 0
200 183 1 100000 1 217 0
200 201 1 100000 2 217 0
200 217 1 3 3 217 0
200 199 1 100000 2 217 0
201 184 0 100000 2 200 1
201 202 0 100000 1 200 1
201 218 0 100000 2 200 1
201 200 0 4 3 200 1
184 167 1 100000 1 201 0
184 185 1 100000 2 201 0
184 201 1 6 3 201 0
184 183 1 100000 2 201 0
185 168 0 100000 2 184 1
185 186 0 100000 1 184 1
185 202 0 100000 2 184 1
185 184 0 8 3 184 1
168 151 1 100000 1 185 0
168 169 1 100000 2 185 0
168 185 1 10 3 185 0
168 167 1 100000 2 185 0
169 152 0 100000 2 168 1
169 170 0 100000 1 168 1
169 186 0 100000 2 168 1
169 168 0 12 3 168 1
152 135 1 100000 1 169 0
152 153 1 100000 2 169 0
152 169 1 14 3 169 0
152 151 1 13 2 169 0
153 136 0 100000 2 152 1
153 154 0 100000 1 152 1
153 170 0 100000 2 152 1
153 152 0 16 3 152 1
151 134 1 100000 1 168 0
151 152 1 16 2 168 0
151 168 1 12 3 168 0
151 150 1 100000 2 168 0
151
251
234

217

200

201

184

185

168

151

185
168
169
152
[[-1, -1, -1, -1], [-1, -1, -1, -1], [-1, -1, -1, -1], [-1, -1, -1, -1], [-1, -1, -1, -1], [-1, -1, -1, -1], [-1, -1, -1, -1], [-1, -1, -1, -1], [-1, -1, -1, -1], [-1, -1, -1, -1], [-1, -1, -1, -1], [-1, -1, -1, -1], [-1, -1, -1, -1], [-1, -1, -1, -1], [-1, -1, -1, -1], [-1, -1, -1, -1], [-1, -1, -1, -1], [-1, -1, -1, -1], [-1, -1, -1, -1], [-1, -1, -1, -1], [-1, -1, -1, -1], [-1, -1, -1, -1], [-1, -1, -1, -1], [-1, -1, -1, -1], [-1, -1, -1, -1], [-1, -1, -1, -1], [-1, -1, -1, -1], [-1, -1, -1, -1], [-1, -1, -1, -1], [-1, -1, -1, -1], [-1, -1, -1, -1], [-1, -1, -1, -1], [-1, -1, -1, -1], [-1, -1, -1, -1], [-1, -1, -1, -1], [-1, -1, -1, -1], [-1, -1, -1, -1], [-1, -1, -1, -1], [-1, -1, -1, -1], [-1, -1, -1, -1], [-1, -1, -1, -1], [-1, -1, -1, -1], [-1, -1, -1, -1], [-1, -1, -1, -1], [-1, -1, -1, -1], [-1, -1, -1, -1], [-1, -1, -1, -1], [-1, -1, -1, -1], [-1, -1, -1, -1], [-1, -1, -1, -1], [-1, -1, -1, -1], [-1, -1, -1, -1], [-1, -1, -1, -1], [-1, -1, -1, -1], [-1, -1, -1, -1], [-1, -1, -1, -1], [-1, -1, -1, -1], [-1, -1, -1, -1], [-1, -1, -1, -1], [-1, -1, -1, -1], [-1, -1, -1, -1], [-1, -1, -1, -1], [-1, -1, -1, -1], [-1, -1, -1, -1], [-1, -1, -1, -1], [-1, -1, -1, -1], [-1, -1, -1, -1], [-1, -1, -1, -1], [-1, -1, -1, -1], [-1, -1, -1, -1], [-1, -1, -1, -1], [-1, -1, -1, -1], [-1, -1, -1, -1], [-1, -1, -1, -1], [-1, -1, -1, -1], [-1, -1, -1, -1], [-1, -1, -1, -1], [-1, -1, -1, -1], [-1, -1, -1, -1], [-1, -1, -1, -1], [-1, -1, -1, -1], [-1, -1, -1, -1], [-1, -1, -1, -1], [-1, -1, -1, -1], [-1, -1, -1, -1], [-1, -1, -1, -1], [-1, -1, -1, -1], [-1, -1, -1, -1], [-1, -1, -1, -1], [-1, -1, -1, -1], [-1, -1, -1, -1], [-1, -1, -1, -1], [-1, -1, -1, -1], [-1, -1, -1, -1], [-1, -1, -1, -1], [-1, -1, -1, -1], [-1, -1, -1, -1], [-1, -1, -1, -1], [-1, -1, -1, -1], [-1, -1, -1, -1], [-1, -1, -1, -1], [-1, -1, -1, -1], [-1, -1, -1, -1], [-1, -1, -1, -1], [-1, -1, -1, -1], [-1, -1, -1, -1], [-1, -1, -1, -1], [-1, -1, -1, -1], [-1, -1, -1, -1], [-1, -1, -1, -1], [-1, -1, -1, -1], [-1, -1, -1, -1], [-1, -1, -1, -1], [-1, -1, -1, -1], [-1, -1, -1, -1], [-1, -1, -1, -1], [-1, -1, -1, -1], [-1, -1, -1, -1], [-1, -1, -1, -1], [-1, -1, -1, -1], [-1, -1, -1, -1], [-1, -1, -1, -1], [-1, -1, -1, -1], [-1, -1, -1, -1], [-1, -1, -1, -1], [-1, -1, -1, -1], [-1, -1, -1, -1], [-1, -1, -1, -1], [-1, -1, -1, -1], [-1, -1, -1, -1], [-1, -1, -1, -1], [-1, -1, -1, -1], [-1, -1, -1, -1], [-1, -1, -1, -1], [-1, -1, -1, -1], [-1, -1, -1, -1], [-1, -1, -1, -1], [-1, -1, -1, -1], [-1, -1, -1, -1], [-1, -1, -1, -1], [-1, -1, -1, -1], [-1, -1, -1, -1], [-1, -1, -1, -1], [-1, -1, -1, -1], [-1, -1, -1, -1], [-1, -1, -1, -1], [-1, -1, -1, -1], [-1, -1, -1, -1], [-1, -1, -1, -1], [-1, -1, -1, -1], [-1, -1, -1, -1], [0, 0, 1, 0], [0, 1, 1, 0], [0, 0, 0, 1], [-1, -1, -1, -1], [-1, -1, -1, -1], [-1, -1, -1, -1], [-1, -1, -1, -1], [-1, -1, -1, -1], [-1, -1, -1, -1], [-1, -1, -1, -1], [-1, -1, -1, -1], [-1, -1, -1, -1], [-1, -1, -1, -1], [-1, -1, -1, -1], [-1, -1, -1, -1], [-1, -1, -1, -1], [-1, -1, -1, -1], [1, 1, 1, 0], [1, 0, 0, 1], [-1, -1, -1, -1], [0, 0, 1, 0], [0, 0, 1, 0], [-1, -1, -1, -1], [-1, -1, -1, -1], [-1, -1, -1, -1], [-1, -1, -1, -1], [-1, -1, -1, -1], [-1, -1, -1, -1], [-1, -1, -1, -1], [-1, -1, -1, -1], [-1, -1, -1, -1], [-1, -1, -1, -1], [-1, -1, -1, -1], [0, 1, 1, 0], [1, 0, 0, 1], [-1, -1, -1, -1], [0, 1, 1, 0], [1, 1, 0, 1], [1, 0, 0, 1], [-1, -1, -1, -1], [-1, -1, -1, -1], [-1, -1, -1, -1], [-1, -1, -1, -1], [-1, -1, -1, -1], [-1, -1, -1, -1], [-1, -1, -1, -1], [-1, -1, -1, -1], [-1, -1, -1, -1], [-1, -1, -1, -1], [0, 1, 1, 0], [1, 0, 0, 1], [-1, -1, -1, -1], [0, 1, 1, 0], [1, 0, 1, 1], [-1, -1, -1, -1], [-1, -1, -1, -1], [-1, -1, -1, -1], [-1, -1, -1, -1], [-1, -1, -1, -1], [-1, -1, -1, -1], [-1, -1, -1, -1], [-1, -1, -1, -1], [-1, -1, -1, -1], [-1, -1, -1, -1], [-1, -1, -1, -1], [-1, -1, -1, -1], [1, 0, 1, 0], [-1, -1, -1, -1], [0, 1, 1, 0], [1, 0, 0, 1], [1, 0, 1, 0], [0, 1, 1, 0], [0, 0, 0, 1], [-1, -1, -1, -1], [-1, -1, -1, -1], [-1, -1, -1, -1], [-1, -1, -1, -1], [-1, -1, -1, -1], [-1, -1, -1, -1], [-1, -1, -1, -1], [-1, -1, -1, -1], [-1, -1, -1, -1], [0, 1, 1, 0], [1, 1, 1, 1], [0, 1, 0, 1], [1, 0, 0, 1], [0, 1, 1, 0], [1, 0, 0, 1], [1, 0, 1, 0], [-1, -1, -1, -1], [-1, -1, -1, -1], [-1, -1, -1, -1], [-1, -1, -1, -1], [-1, -1, -1, -1], [-1, -1, -1, -1], [-1, -1, -1, -1], [-1, -1, -1, -1], [-1, -1, -1, -1], [-1, -1, -1, -1], [1, 1, 0, 0], [1, 0, 0, 1], [0, 1, 0, 0], [0, 1, 0, 1], [1, 1, 1, 1], [0, 1, 0, 1], [1, 0, 0, 1], [-1, -1, -1, -1], [-1, -1, -1, -1], [-1, -1, -1, -1], [-1, -1, -1, -1], [-1, -1, -1, -1], [-1, -1, -1, -1], [-1, -1, -1, -1], [-1, -1, -1, -1], [-1, -1, -1, -1], [-1, -1, -1, -1], [0, 1, 0, 0], [0, 1, 0, 1], [0, 1, 0, 1], [0, 1, 0, 1], [1, 0, 0, 1], [-1, -1, -1, -1], [-1, -1, -1, -1], [-1, -1, -1, -1], [-1, -1, -1, -1], [-1, -1, -1, -1], [-1, -1, -1, -1], [-1, -1, -1, -1], [-1, -1, -1, -1], [-1, -1, -1, -1], [-1, -1, -1, -1], [-1, -1, -1, -1], [-1, -1, -1, -1], [-1, -1, -1, -1], [-1, -1, -1, -1], [-1, -1, -1, -1], [-1, -1, -1, -1], [-1, -1, -1, -1]]
151
ur 151
le 151
152
153
le 153
168
169
171
172
184
185
187
188
189
200
201
203
204
217
219
220
221
222
223
233
234
235
236
237
238
239
250
251
252
253
254
255
256
267
268
269
270
271
8 0
136 23
151 134 1 100000 1 -1 0
151 152 1 100000 2 -1 0
151 168 1 100000 3 -1 0
151 150 1 100000 2 -1 0
168 151 1 0 3 151 2
168 169 1 100000 2 151 2
168 185 1 100000 1 151 2
168 167 1 100000 2 151 2
185 168 0 3 3 168 2
185 186 0 100000 2 168 2
185 202 0 100000 1 168 2
185 184 0 100000 2 168 2
184 167 1 100000 2 185 3
184 185 1 4 3 185 3
184 201 1 100000 2 185 3
184 183 1 100000 1 185 3
201 184 0 6 3 184 2
201 202 0 100000 2 184 2
201 218 0 100000 1 184 2
201 200 0 100000 2 184 2
200 183 1 100000 2 201 3
200 201 1 8 3 201 3
200 217 1 100000 2 201 3
200 199 1 100000 1 201 3
217 200 1 10 3 200 2
217 218 1 100000 2 200 2
217 234 1 100000 1 200 2
217 216 1 100000 2 200 2
234 217 1 12 3 217 2
234 235 1 100000 2 217 2
234 251 1 100000 1 217 2
234 233 1 100000 2 217 2
233 216 1 100000 2 234 3
233 234 1 13 3 234 3
233 250 1 100000 2 234 3
233 232 1 100000 1 234 3
250 233 0 15 3 233 2
250 251 0 14 2 233 2
250 267 0 100000 1 233 2
250 249 0 100000 2 233 2
251 234 0 13 3 234 2
251 252 0 100000 2 234 2
251 268 0 100000 1 234 2
251 250 0 17 2 234 2
250 233 0 15 2 251 3
250 251 0 14 3 251 3
250 267 0 100000 2 251 3
250 249 0 100000 1 251 3
235 218 0 100000 2 234 1
235 236 0 100000 1 234 1
235 252 0 100000 2 234 1
235 234 0 13 3 234 1
236 219 0 100000 2 235 1
236 237 0 100000 1 235 1
236 253 0 100000 2 235 1
236 235 0 15 3 235 1
219 202 1 100000 1 236 0
219 220 1 100000 2 236 0
219 236 1 16 3 236 0
219 218 1 100000 2 236 0
220 203 0 100000 2 219 1
220 221 0 100000 1 219 1
220 237 0 100000 2 219 1
220 219 0 18 3 219 1
203 186 1 100000 1 220 0
203 204 1 100000 2 220 0
203 220 1 20 3 220 0
203 202 1 100000 2 220 0
204 187 1 100000 2 203 1
204 205 1 100000 1 203 1
204 221 1 100000 2 203 1
204 203 1 22 3 203 1
221 204 1 24 3 204 2
221 222 1 100000 2 204 2
221 238 1 100000 1 204 2
221 220 1 20 2 204 2
238 221 0 26 3 221 2
238 239 0 100000 2 221 2
238 255 0 100000 1 221 2
238 237 0 100000 2 221 2
237 220 1 20 2 238 3
237 238 1 27 3 238 3
237 254 1 100000 2 238 3
237 236 1 16 1 238 3
254 237 1 29 3 237 2
254 255 1 100000 2 237 2
254 271 1 100000 1 237 2
254 253 1 100000 2 237 2
253 236 0 16 2 254 3
253 254 0 31 3 254 3
253 270 0 100000 2 254 3
253 252 0 100000 1 254 3
252 235 0 15 2 253 3
252 253 0 33 3 253 3
252 269 0 100000 2 253 3
252 251 0 14 1 253 3
271 254 0 31 3 254 2
271 272 0 100000 2 254 2
271 288 0 100000 1 254 2
271 270 0 100000 2 254 2
270 253 0 33 2 271 3
270 271 0 32 3 271 3
270 287 0 100000 2 271 3
270 269 0 100000 1 271 3
269 252 0 34 2 270 3
269 270 0 34 3 270 3
269 286 0 100000 2 270 3
269 268 0 100000 1 270 3
268 251 0 14 2 269 3
268 269 0 35 3 269 3
268 285 0 100000 2 269 3
268 267 0 100000 1 269 3
267 250 0 16 2 268 3
267 268 0 36 3 268 3
267 284 0 100000 2 268 3
267 266 0 100000 1 268 3
255 238 0 27 2 254 1
255 256 0 100000 1 254 1
255 272 0 100000 2 254 1
255 254 0 31 3 254 1
256 239 0 100000 2 255 1
256 257 0 100000 1 255 1
256 273 0 100000 2 255 1
256 255 0 33 3 255 1
239 222 1 100000 1 256 0
239 240 1 100000 2 256 0
239 256 1 34 3 256 0
239 238 1 27 2 256 0
222 205 1 100000 1 239 0
222 223 1 100000 2 239 0
222 239 1 36 3 239 0
222 221 1 26 2 239 0
223 206 0 100000 2 222 1
223 224 0 100000 1 222 1
223 240 0 100000 2 222 1
223 222 0 37 3 222 1
187 170 1 100000 1 204 0
187 188 1 100000 2 204 0
187 204 1 24 3 204 0
187 186 1 100000 2 204 0
188 171 0 100000 2 187 1
188 189 0 100000 1 187 1
188 205 0 100000 2 187 1
188 187 0 26 3 187 1
189 172 0 100000 2 188 1
189 190 0 100000 1 188 1
189 206 0 100000 2 188 1
189 188 0 28 3 188 1
172 155 1 100000 1 189 0

172 173 1 100000 2 189 0
172 189 1 29 3 189 0
172 171 1 30 2 189 0
171 154 1 100000 1 188 0
171 172 1 31 2 188 0
171 188 1 28 3 188 0
171 170 1 100000 2 188 0
169 152 0 100000 2 168 1
169 170 0 100000 1 168 1
169 186 0 100000 2 168 1
169 168 0 3 3 168 1
152 135 1 100000 1 169 0
152 153 1 100000 2 169 0
152 169 1 5 3 169 0
152 151 1 0 2 169 0
153 136 0 100000 2 152 1
153 154 0 100000 1 152 1
153 170 0 100000 2 152 1
153 152 0 7 3 152 1
159
No path